[0, 0]
[0, 0]
[0, 1]
[0, 1]
[-1, 1]
[-1, 1]
[-1, 0]
[-2, 1]
[-2, 0]
[-2, 0]
[-1, 0]
[-3, 0]
[-1, -1]
[-3, 1]
[-1, 0]
[-4, 1]
[0, 0]
[-5, 1]
[1, 0]
[-5, 2]
[1, 1]
[-6, 2]
[1, 0]
[-7, 2]
[1, -1]
[-7, 3]
[2, -1]
[-6, 3]
[2, 0]
[-6, 4]
[2, 1]
[-5, 4]
[1, 1]
[-5, 5]
[2, 1]
[-5, 4]
[2, 2]
[-4, 4]
[2, 1]
[-3, 4]
[1, 1]
[-2, 4]
[0, 1]
[-1, 4]
[-1, 1]
[-2, 4]
[-1, 0]
[-2, 3]
[-1, 1]
[-2, 4]
[-2, 1]
[-2, 5]
[-1, 1]
[-2, 6]
[-1, 2]
[-3, 6]
[-1, 1]
[-3, 7]
[0, 1]
[-3, 6]
[1, 1]
[-3, 5]
[1, 2]
[-3, 4]
[2, 2]
[-2, 4]
[3, 2]
[-2, 5]
[2, 2]
[-1, 5]
[2, 1]
[-2, 5]
[2, 2]
[-3, 5]
[2, 1]
[-3, 6]
[3, 1]
[-4, 6]
[3, 2]
[-3, 6]
[4, 2]
[-2, 6]
[5, 2]
[-1, 6]
[4, 2]
[-2, 6]
[4, 1]
[-1, 6]
[5, 1]
[-1, 7]
[6, 1]
[0, 7]
[6, 2]
[1, 7]
[6, 1]
[1, 8]
[7, 1]
[2, 8]
[6, 1]
[1, 8]
[6, 2]
[2, 8]
[6, 1]
[3, 8]
[6, 0]
[2, 8]
[7, 0]
[2, 9]
[7, -1]
[2, 10]
[7, -2]
[2, 11]
[7, -3]
[2, 10]
[7, -4]
[3, 10]
[6, -4]
[4, 10]
[6, -3]
[4, 11]
[7, -3]
[4, 10]
[8, -3]
[3, 10]
[8, -4]
[2, 10]
[9, -4]
[1, 10]
[10, -4]
[1, 11]
[11, -4]
[0, 11]
[11, -3]
[0, 12]
[10, -3]
[0, 11]
[10, -4]
[0, 12]
[10, -5]
[-1, 12]
[10, -6]
[0, 12]
[10, -5]
[0, 11]
[11, -5]
[1, 11]
[11, -4]
[1, 10]
[11, -3]
[2, 10]
[11, -4]
[3, 10]
[10, -4]
[4, 10]
[10, -5]
[4, 11]
[9, -5]
[4, 10]
[9, -6]
[5, 10]
[9, -5]
[6, 10]
[8, -5]
[5, 10]
[8, -6]
[5, 11]
[9, -6]
[5, 10]
[9, -7]
[5, 11]
[8, -7]
[4, 11]
[9, -7]
[4, 10]
[10, -7]
[5, 10]
[11, -7]
[4, 10]
[10, -7]
[3, 10]
[11, -7]
[4, 10]
[11, -6]
[3, 10]
[11, -7]
[3, 9]
[10, -7]
[3, 10]
[9, -7]
[4, 10]
[9, -6]
[4, 11]
[9, -7]
[4, 10]
[10, -7]
[5, 10]
[11, -7]
[5, 11]
[12, -7]
[4, 11]
[11, -7]
[3, 11]
[10, -7]
[3, 10]
[10, -8]
[3, 11]
[10, -9]
[3, 12]
[11, -9]
[4, 12]
[12, -9]
[3, 12]
[13, -9]
[2, 12]
[13, -8]
[3, 12]
[13, -9]
[2, 12]
[14, -9]
[2, 13]
[15, -9]
[2, 12]
[14, -9]
[2, 11]
[14, -8]
[2, 10]
[13, -8]
[2, 11]
[13, -9]
[2, 10]
[14, -9]
[1, 10]
[14, -8]
[1, 9]
[14, -7]
[2, 9]
[13, -7]
[1, 9]
[12, -7]
[0, 9]
[13, -7]
[0, 10]
[12, -7]
[1, 10]
[12, -8]
[2, 10]
[12, -7]
[2, 9]
[13, -7]
[2, 8]
[12, -7]
[2, 7]
[11, -7]
[2, 6]
[10, -7]
[1, 6]
[11, -7]
[1, 5]
[10, -7]
[1, 6]
[9, -7]
[0, 6]
[8, -7]
[0, 5]
[9, -7]
[1, 5]
[10, -7]
[2, 5]
[11, -7]
[2, 6]
[11, -6]
[2, 5]
[12, -6]
[2, 4]
[12, -7]
[2, 5]
[12, -6]
[1, 5]
[13, -6]
[1, 6]
[12, -6]
[2, 6]
[12, -5]
[2, 7]
[12, -4]
[2, 8]
[11, -4]
[2, 9]
[11, -3]
[2, 10]
[11, -4]
[1, 10]
[11, -5]
[1, 11]
[11, -4]
[2, 11]
[11, -5]
[1, 11]
[11, -4]
[1, 12]
[11, -5]
[1, 13]
[11, -4]
[2, 13]
[11, -5]
[3, 13]
[11, -4]
[3, 12]
[11, -3]
[3, 13]
[11, -2]
[3, 14]
[12, -2]
[4, 14]
[11, -2]
[3, 14]
[11, -3]
[2, 14]
[12, -3]
[2, 13]
[11, -3]
[3, 13]
[11, -2]
[3, 12]
[11, -1]
[2, 12]
[11, -2]
[1, 12]
[12, -2]
[2, 12]
[11, -2]
[3, 12]
[11, -1]
[3, 13]
[12, -1]
[2, 13]
[11, -1]
[2, 14]
[11, 0]
[1, 14]
[11, 1]
[1, 15]
[12, 1]
[1, 14]
[12, 0]
[0, 14]
[13, 0]
[0, 13]
[13, 1]
[-1, 13]
[13, 2]
[-1, 12]
[12, 2]
[-1, 11]
[12, 1]
[-2, 11]
[11, 1]
[-3, 11]
[12, 1]
[-3, 12]
[13, 1]
[-3, 13]
[13, 2]
[-2, 13]
[13, 3]
[-3, 13]
[14, 3]
[-3, 12]
[14, 4]
[-3, 13]
[14, 3]
[-3, 12]
[13, 3]
[-2, 12]
[14, 3]
[-2, 11]
[15, 3]
[-3, 11]
[14, 3]
[-4, 11]
[15, 3]
[-4, 10]
[15, 2]
[-4, 9]
[14, 2]
[-3, 9]
[14, 1]
[-4, 9]
[15, 1]
[-3, 9]
[14, 1]
[-3, 10]
[13, 1]
[-3, 11]
[13, 0]
[-4, 11]
[14, 0]
[-4, 12]
[14, -1]
[-4, 11]
[15, -1]
[-4, 12]
[15, 0]
[-4, 11]
[14, 0]
[-4, 10]
[13, 0]
[-4, 9]
[14, 0]
[-5, 9]
[14, 1]
[-6, 9]
[15, 1]
[-5, 9]
[15, 0]
[-5, 8]
[14, 0]
[-5, 9]
[15, 0]
[-4, 9]
[15, 1]
[-3, 9]
[16, 1]
[-3, 8]
[16, 0]
[-3, 9]
[16, -1]
[-4, 9]
[16, -2]
[-4, 8]
[16, -1]
[-4, 7]
[16, -2]
[-5, 7]
[16, -1]
[-6, 7]
[15, -1]
[-5, 7]
[16, -1]
[-5, 8]
[16, -2]
[-5, 9]
[15, -2]
[-4, 9]
[15, -1]
[-3, 9]
[16, -1]
[-2, 9]
[17, -1]
[-2, 8]
[17, -2]
[-1, 8]
[17, -1]
[-1, 9]
[18, -1]
[-1, 8]
[19, -1]
[-1, 7]
[19, -2]
[0, 7]
[19, -3]
[1, 7]
[18, -3]
[1, 8]
[18, -4]
[1, 7]
[18, -3]
[0, 7]
[17, -3]
[0, 6]
[18, -3]
[0, 7]
[17, -3]
[-1, 7]
[17, -2]
[-1, 8]
[16, -2]
[-1, 7]
[15, -2]
[-1, 6]
[16, -2]
[-1, 5]
[16, -3]
[-2, 5]
[16, -4]
[-2, 6]
[16, -3]
[-3, 6]
[17, -3]
[-3, 7]
[17, -2]
[-3, 6]
[18, -2]
[-3, 7]
[19, -2]
[-2, 7]
[19, -3]
[-1, 7]
[18, -3]
[-1, 8]
[17, -3]
[-2, 8]
[17, -4]
[-2, 7]
[16, -4]
[-3, 7]
[16, -5]
[-3, 8]
[16, -6]
[-3, 7]
[16, -5]
[-3, 8]
[16, -4]
[-3, 7]
[17, -4]
[-2, 7]
[17, -5]
[-3, 7]
[16, -5]
[-3, 6]
[16, -4]
[-2, 6]
[15, -4]
[-2, 5]
[15, -5]
[-2, 6]
[16, -5]
[-3, 6]
[16, -6]
[-3, 5]
[15, -6]
[-3, 6]
[15, -7]
[-3, 5]
[14, -7]
[-4, 5]
[14, -8]
[-4, 4]
[14, -7]
[-4, 3]
[13, -7]
[-5, 3]
[13, -6]
[-5, 2]
[12, -6]
[-5, 3]
[12, -5]
[-5, 2]
[13, -5]
[-4, 2]
[12, -5]
[-5, 2]
[12, -6]
[-5, 3]
[13, -6]
[-4, 3]
[13, -5]
[-4, 4]
[12, -5]
[-3, 4]
[12, -6]
[-2, 4]
[13, -6]
[-3, 4]
[12, -6]
[-3, 3]
[11, -6]
[-2, 3]
[12, -6]
[-2, 4]
[12, -5]
[-3, 4]
[12, -6]
[-2, 4]
[13, -6]
[-2, 5]
[13, -5]
[-1, 5]
[14, -5]
[-1, 4]
[14, -6]
[-1, 3]
[14, -5]
[0, 3]
[13, -5]
[-1, 3]
[12, -5]
[-2, 3]
[11, -5]
[-2, 4]
[10, -5]
[-2, 5]
[10, -6]
[-2, 4]
[9, -6]
[-2, 5]
[8, -6]
[-1, 5]
[7, -6]
[-1, 4]
[6, -6]
[-2, 4]
[7, -6]
[-2, 5]
[7, -5]
[-2, 6]
[6, -5]
[-3, 6]
[5, -5]
[-3, 7]
[6, -5]
[-3, 8]
[6, -4]
[-3, 9]
[5, -4]
[-3, 8]
[4, -4]
[-4, 8]
[4, -5]
[-4, 7]
[5, -5]
[-4, 6]
[5, -6]
[-5, 6]
[6, -6]
[-5, 7]
[5, -6]
[-4, 7]
[5, -7]
[-5, 7]
[5, -6]
[-5, 6]
[6, -6]
[-5, 7]
[5, -6]
[-6, 7]
[4, -6]
[-6, 6]
[3, -6]
[-6, 5]
[2, -6]
[-6, 4]
[3, -6]
[-5, 4]
[3, -5]
[-5, 3]
[2, -5]
[-4, 3]
[3, -5]
[-4, 2]
[2, -5]
[-5, 2]
[2, -4]
[-6, 2]
[1, -4]
[-6, 1]
[0, -4]
[-7, 1]
[1, -4]
[-7, 2]
[0, -4]
[-8, 2]
[-1, -4]
[-7, 2]
[-2, -4]
[-6, 2]
[-3, -4]
[-5, 2]
[-3, -3]
[-4, 2]
[-2, -3]
[-3, 2]
[-1, -3]
[-3, 3]
[0, -3]
[-3, 2]
[0, -2]
[-3, 1]
[-1, -2]
[-4, 1]
[-1, -3]
[-5, 1]
[-1, -4]
[-6, 1]
[-2, -4]
[-5, 1]
[-1, -4]
[-5, 0]
[-1, -5]
[-6, 0]
[-1, -4]
[-6, -1]
[-1, -5]
[-6, -2]
[-1, -4]
[-6, -1]
[-1, -3]
[-6, 0]
[-2, -3]
[-6, -1]
[-2, -4]
[-5, -1]
[-2, -5]
[-5, -2]
[-1, -5]
[-5, -1]
[-1, -6]
[-5, 0]
[-1, -5]
[-5, -1]
[-1, -4]
[-6, -1]
[-1, -5]
[-6, 0]
[-1, -6]
[-5, 0]
[-2, -6]
[-5, 1]
[-2, -7]
[-5, 0]
[-3, -7]
[-5, 1]
[-3, -8]
[-5, 0]
[-2, -8]
[-5, -1]
[-3, -8]
[-5, 0]
[-2, -8]
[-5, -1]
[-2, -9]
[-6, -1]
[-1, -9]
[-5, -1]
[-1, -8]
[-4, -1]
[-1, -7]
[-3, -1]
[-2, -7]
[-3, -2]
[-2, -8]
[-4, -2]
[-1, -8]
[-5, -2]
[-1, -7]
[-4, -2]
[-1, -8]
[-3, -2]
[-1, -7]
[-3, -3]
[0, -7]
[-3, -4]
[0, -8]
[-3, -5]
[-1, -8]
[-2, -5]
[-1, -7]
[-1, -5]
[-1, -6]
[-1, -6]
[-2, -6]
[0, -6]
[-3, -6]
[1, -6]
[-3, -7]
[1, -7]
[-2, -7]
[2, -7]
[-3, -7]
[2, -6]
[-3, -8]
[2, -5]
[-4, -8]
[3, -5]
[-5, -8]
[4, -5]
[-6, -8]
[4, -6]
[-5, -8]
[5, -6]
[-5, -9]
[5, -5]
[-5, -10]
[5, -4]
[-4, -10]
[4, -4]
[-4, -9]
[3, -4]
[-4, -8]
[4, -4]
[-4, -9]
[4, -5]
[-3, -9]
[4, -6]
[-4, -9]
[4, -5]
[-3, -9]
[4, -6]
[-3, -10]
[4, -7]
[-2, -10]
[4, -8]
[-3, -10]
[3, -8]
[-4, -10]
[2, -8]
[-5, -10]
[2, -7]
[-6, -10]
[2, -8]
[-7, -10]
[1, -8]
[-7, -11]
[1, -9]
[-8, -11]
[1, -8]
[-8, -10]
[1, -7]
[-9, -10]
[0, -7]
[-8, -10]
[1, -7]
[-8, -9]
[1, -8]
[-9, -9]
[1, -9]
[-9, -10]
[0, -9]
[-9, -9]
[-1, -9]
[-8, -9]
[-1, -10]
[-7, -9]
[-1, -9]
[-8, -9]
[-1, -10]
[-9, -9]
[0, -10]
[-8, -9]
[-1, -10]
[-7, -9]
[-2, -10]
[-6, -9]
[-2, -9]
[-7, -9]
[-3, -9]
[-7, -10]
[-2, -9]
[-7, -11]
[-2, -8]
[-6, -11]
[-2, -7]
[-7, -11]
[-2, -8]
[-7, -12]
[-1, -8]
[-6, -12]
[-2, -8]
[-5, -12]
[-3, -8]
[-4, -12]
[-2, -8]
[-4, -11]
[-1, -8]
[-4, -10]
[0, -8]
[-3, -10]
[-1, -8]
[-3, -9]
[-2, -8]
[-3, -10]
[-1, -8]
[-3, -9]
[-1, -7]
[-2, -9]
[-1, -6]
[-2, -8]
[0, -6]
[-2, -7]
[0, -5]
[-2, -8]
[0, -4]
[-2, -7]
[-1, -4]
[-2, -6]
[-1, -5]
[-2, -5]
[-1, -4]
[-1, -5]
[-1, -5]
[-1, -4]
[-1, -4]
[0, -4]
[0, -4]
[1, -4]
[-1, -4]
[0, -4]
[0, -4]
[-1, -4]
[0, -5]
[-2, -4]
[0, -6]
[-3, -4]
[-1, -6]
[-3, -5]
[-1, -5]
[-3, -6]
[-1, -6]
[-4, -6]
[0, -6]
[-5, -6]
[1, -6]
[-6, -6]
[2, -6]
[-6, -5]
[1, -6]
[-6, -6]
[2, -6]
[-6, -5]
[1, -6]
[-7, -5]
[1, -5]
[-7, -4]
[1, -6]
[-7, -3]
[2, -6]
[-7, -4]
[3, -6]
[-6, -4]
[2, -6]
[-5, -4]
[2, -5]
[-5, -3]
[2, -4]
[-4, -3]
[1, -4]
[-4, -2]
[1, -5]
[-4, -3]
[1, -6]
[-5, -3]
[1, -5]
[-5, -2]
[1, -4]
[-5, -1]
[1, -3]
[-5, -2]
[2, -3]
[-6, -2]
[1, -3]
[-5, -2]
[0, -3]
[-5, -3]
[-1, -3]
[-5, -2]
[-1, -2]
[-5, -3]
[0, -2]
[-6, -3]
[1, -2]
[-7, -3]
[2, -2]
[-6, -3]
[2, -1]
[-5, -3]
[2, -2]
[-5, -4]
[1, -2]
[-5, -5]
[1, -3]
[-5, -6]
[1, -4]
[-6, -6]
[0, -4]
[-5, -6]
[1, -4]
[-4, -6]
[0, -4]
[-4, -7]
[-1, -4]
[-4, -6]
[-1, -3]
[-4, -5]
[-1, -2]
[-4, -6]
[-2, -2]
[-5, -6]
[-2, -1]
[-4, -6]
[-3, -1]
[-4, -7]
[-2, -1]
[-4, -6]
[-2, -2]
[-4, -7]
[-3, -2]
[-4, -8]
[-3, -1]
[-4, -7]
[-3, -2]
[-4, -6]
[-3, -3]
[-4, -7]
[-4, -3]
[-4, -6]
[-4, -2]
[-3, -6]
[-4, -1]
[-3, -5]
[-5, -1]
[-3, -6]
[-4, -1]
[-2, -6]
[-5, -1]
[-3, -6]
[-5, -2]
[-3, -5]
[-4, -2]
[-3, -6]
[-5, -2]
[-3, -5]
[-5, -1]
[-2, -5]
[-5, 0]
[-3, -5]
[-5, 1]
[-4, -5]
[-5, 0]
[-5, -5]
[-5, 1]
[-5, -4]
[-5, 0]
[-4, -4]
[-5, 1]
[-5, -4]
[-6, 1]
[-5, -5]
[-5, 1]
[-5, -4]
[-4, 1]
[-4, -4]
[-3, 1]
[-4, -3]
[-3, 0]
[-5, -3]
[-2, 0]
[-5, -4]
[-3, 0]
[-5, -3]
[-3, 1]
[-5, -2]
[-2, 1]
[-5, -3]
[-2, 0]
[-5, -4]
[-2, 1]
[-5, -5]
[-3, 1]
[-6, -5]
[-3, 2]
[-5, -5]
[-4, 2]
[-4, -5]
[-3, 2]
[-3, -5]
[-4, 2]
[-3, -6]
[-4, 1]
[-3, -7]
[-4, 2]
[-4, -7]
[-4, 3]
[-4, -6]
[-4, 4]
[-5, -6]
[-4, 5]
[-4, -6]
[-3, 5]
[-4, -7]
[-2, 5]
[-3, -7]
[-1, 5]
[-4, -7]
[-1, 4]
[-3, -7]
[-1, 5]
[-3, -6]
[-1, 4]
[-3, -7]
[-1, 3]
[-3, -6]
[-1, 2]
[-3, -7]
[-1, 1]
[-4, -7]
[-1, 2]
[-4, -6]
[-1, 3]
[-4, -5]
[-1, 2]
[-4, -4]
[-1, 1]
[-4, -3]
[-2, 1]
[-4, -4]
[-2, 0]
[-4, -3]
[-3, 0]
[-4, -4]
[-2, 0]
[-4, -3]
[-3, 0]
[-5, -3]
[-3, 1]
[-4, -3]
[-3, 0]
[-4, -2]
[-3, -1]
[-4, -1]
[-4, -1]
[-5, -1]
[-3, -1]
[-6, -1]
[-2, -1]
[-5, -1]
[-3, -1]
[-5, 0]
[-3, -2]
[-4, 0]
[-4, -2]
[-4, -1]
[-5, -2]
[-3, -1]
[-6, -2]
[-4, -1]
[-5, -2]
[-3, -1]
[-6, -2]
[-4, -1]
[-7, -2]
[-3, -1]
[-7, -1]
[-3, -2]
[-6, -1]
[-3, -3]
[-7, -1]
[-2, -3]
[-7, 0]
[-3, -3]
[-7, -1]
[-3, -2]
[-7, -2]
[-2, -2]
[-7, -1]
[-2, -3]
[-7, -2]
[-1, -3]
[-6, -2]
[-1, -2]
[-7, -2]
[0, -2]
[-7, -3]
[0, -1]
[-7, -2]
[-1, -1]
[-8, -2]
[-1, -2]
[-7, -2]
[-2, -2]
[-7, -1]
[-2, -3]
[-6, -1]
[-1, -3]
[-6, -2]
[-2, -3]
[-5, -2]
[-1, -3]
[-5, -1]
[-1, -4]
[-5, 0]
[-1, -3]
[-4, 0]
[0, -3]
[-5, 0]
[0, -2]
[-4, 0]
[0, -3]
[-4, 1]
[-1, -3]
[-4, 2]
[-1, -4]
[-4, 3]
[-1, -3]
[-3, 3]
[0, -3]
[-4, 3]
[1, -3]
[-4, 2]
[1, -2]
[-3, 2]
[1, -1]
[-3, 1]
[1, 0]
[-3, 0]
[0, 0]
[-4, 0]
[-1, 0]
[-4, -1]
[-1, 1]
[-5, -1]
[-1, 0]
[-5, 0]
[-1, 1]
[-5, -1]
[-2, 1]
[-5, 0]
[-1, 1]
[-5, -1]
[-2, 1]
[-4, -1]
[-3, 1]
[-3, -1]
[-3, 0]
[-3, -2]
[-2, 0]
[-2, -2]
[-1, 0]
[-1, -2]
[-1, 1]
[0, -2]
[-1, 0]
[-1, -2]
[0, 0]
[-1, -3]
[-1, 0]
[-2, -3]
[-2, 0]
[-1, -3]
[-2, 1]
[-1, -2]
[-1, 1]
[-1, -3]
[-1, 0]
[-1, -2]
[-1, -1]
[-2, -2]
[0, -1]
[-3, -2]
[0, -2]
[-3, -1]
[-1, -2]
[-2, -1]
[-1, -1]
[-3, -1]
[-2, -1]
[-4, -1]
[-3, -1]
[-3, -1]
[-2, -1]
[-3, 0]
[-2, 0]
[-2, 0]
[-2, 1]
[-2, -1]
[-3, 1]
[-2, -2]
[-3, 2]
[-2, -3]
[-4, 2]
[-3, -3]
[-3, 2]
[-4, -3]
[-2, 2]
[-4, -2]
[-2, 1]
[-5, -2]
[-1, 1]
[-4, -2]
[-1, 2]
[-4, -3]
[-1, 3]
[-5, -3]
[-2, 3]
[-5, -2]
[-3, 3]
[-5, -1]
[-2, 3]
[-4, -1]
[-1, 3]
[-4, 0]
[-1, 2]
[-4, -1]
[-2, 2]
[-3, -1]
[-3, 2]
[-3, -2]
[-4, 2]
[-3, -1]
[-4, 3]
[-4, -1]
[-3, 3]
[-4, -2]
[-3, 4]
[-3, -2]
[-2, 4]
[-3, -3]
[-3, 4]
[-3, -2]
[-3, 5]
[-3, -3]
[-4, 5]
[-3, -4]
[-3, 5]
[-2, -4]
[-2, 5]
[-2, -3]
[-1, 5]
[-1, -3]
[-2, 5]
[-2, -3]
[-1, 5]
[-3, -3]
[-2, 5]
[-4, -3]
[-1, 5]
[-3, -3]
[-2, 5]
[-3, -4]
[-2, 4]
[-4, -4]
[-2, 3]
[-3, -4]
[-1, 3]
[-3, -3]
[-1, 2]
[-2, -3]
[0, 2]
[-3, -3]
[0, 3]
[-4, -3]
[0, 2]
[-3, -3]
[-1, 2]
[-3, -4]
[-1, 1]
[-2, -4]
[-1, 2]
[-2, -5]
[-1, 1]
[-3, -5]
[-1, 0]
[-4, -5]
[0, 0]
[-3, -5]
[1, 0]
[-4, -5]
[2, 0]
[-4, -6]
[2, 1]
[-3, -6]
[1, 1]
[-2, -6]
[1, 0]
[-2, -7]
[0, 0]
[-2, -6]
[0, 1]
[-2, -7]
[0, 2]
[-2, -6]
[0, 3]
[-2, -7]
[-1, 3]
[-1, -7]
[0, 3]
[-2, -7]
[0, 4]
[-2, -8]
[0, 3]
[-2, -9]
[-1, 3]
[-3, -9]
[-1, 4]
[-4, -9]
[0, 4]
[-4, -10]
[1, 4]
[-3, -10]
[2, 4]
[-3, -11]
[3, 4]
[-2, -11]
[2, 4]
[-2, -12]
[3, 4]
[-3, -12]
[4, 4]
[-2, -12]
[5, 4]
[-3, -12]
[6, 4]
[-2, -12]
[5, 4]
[-2, -13]
[5, 5]
[-1, -13]
[4, 5]
[-1, -14]
[4, 6]
[-1, -15]
[3, 6]
[-1, -16]
[4, 6]
[-1, -15]
[4, 5]
[0, -15]
[4, 4]
[-1, -15]
[4, 3]
[0, -15]
[5, 3]
[0, -14]
[5, 4]
[-1, -14]
[5, 5]
[0, -14]
[5, 6]
[1, -14]
[5, 5]
[2, -14]
[4, 5]
[3, -14]
[4, 4]
[3, -15]
[5, 4]
[3, -14]
[5, 3]
[4, -14]
[4, 3]
[3, -14]
[5, 3]
[4, -14]
[6, 3]
[5, -14]
[7, 3]
[6, -14]
[8, 3]
[6, -13]
[7, 3]
[5, -13]
[7, 4]
[5, -14]
[7, 3]
[5, -13]
[7, 4]
[5, -14]
[7, 3]
[5, -15]
[7, 2]
[4, -15]
[7, 3]
[4, -14]
[8, 3]
[3, -14]
[7, 3]
[2, -14]
[7, 2]
[1, -14]
[6, 2]
[2, -14]
[6, 1]
[2, -15]
[6, 0]
[1, -15]
[7, 0]
[1, -14]
[8, 0]
[0, -14]
[7, 0]
[0, -15]
[6, 0]
[0, -16]
[6, 1]
[0, -17]
[6, 2]
[-1, -17]
[5, 2]
[-1, -18]
[6, 2]
[-1, -19]
[5, 2]
[0, -19]
[6, 2]
[0, -18]
[5, 2]
[0, -19]
[5, 1]
[0, -18]
[4, 1]
[0, -19]
[3, 1]
[0, -20]
[4, 1]
[0, -19]
[3, 1]
[-1, -19]
[3, 2]
[-1, -18]
[3, 1]
[-1, -19]
[4, 1]
[-1, -20]
[5, 1]
[-1, -19]
[4, 1]
[-1, -20]
[4, 0]
[-2, -20]
[3, 0]
[-1, -20]
[3, -1]
[-2, -20]
[3, -2]
[-2, -19]
[2, -2]
[-1, -19]
[2, -3]
[0, -19]
[3, -3]
[0, -18]
[3, -4]
[0, -17]
[3, -3]
[0, -18]
[3, -4]
[0, -19]
[3, -5]
[1, -19]
[3, -4]
[1, -18]
[4, -4]
[2, -18]
[4, -5]
[2, -17]
[4, -6]
[2, -16]
[4, -5]
[3, -16]
[3, -5]
[2, -16]
[3, -4]
[3, -16]
[3, -5]
[4, -16]
[4, -5]
[4, -15]
[4, -4]
[5, -15]
[4, -3]
[4, -15]
[4, -2]
[4, -14]
[3, -2]
[5, -14]
[3, -3]
[4, -14]
[3, -4]
[5, -14]
[3, -5]
[5, -15]
[3, -4]
[5, -16]
[3, -5]
[6, -16]
[3, -6]
[5, -16]
[3, -7]
[6, -16]
[4, -7]
[6, -15]
[4, -8]
[5, -15]
[5, -8]
[4, -15]
[5, -7]
[4, -16]
[5, -8]
[4, -15]
[4, -8]
[4, -16]
[4, -9]
[3, -16]
[4, -10]
[3, -15]
[4, -9]
[3, -14]
[4, -10]
[2, -14]
[4, -9]
[2, -15]
[4, -8]
[3, -15]
[5, -8]
[3, -14]
[5, -9]
[4, -14]
[6, -9]
[5, -14]
[6, -8]
[5, -13]
[5, -8]
[5, -12]
[4, -8]
[5, -11]
[5, -8]
[5, -10]
[5, -9]
[5, -9]
[6, -9]
[5, -8]
[7, -9]
[6, -8]
[8, -9]
[6, -7]
[8, -10]
[7, -7]
[8, -9]
[8, -7]
[8, -8]
[8, -6]
[8, -7]
[9, -6]
[9, -7]
[9, -5]
[8, -7]
[10, -5]
[8, -8]
[10, -4]
[8, -7]
[9, -4]
[9, -7]
[9, -3]
[9, -8]
[8, -3]
[8, -8]
[8, -2]
[8, -7]
[9, -2]
[8, -6]
[9, -1]
[7, -6]
[9, -2]
[7, -7]
[8, -2]
[8, -7]
[8, -3]
[7, -7]
[8, -2]
[7, -8]
[8, -1]
[8, -8]
[9, -1]
[7, -8]
[9, 0]
[7, -9]
[9, 1]
[8, -9]
[9, 2]
[7, -9]
[10, 2]
[8, -9]
[10, 3]
[8, -10]
[10, 2]
[8, -9]
[10, 1]
[8, -10]
[10, 2]
[9, -10]
[10, 1]
[9, -9]
[9, 1]
[9, -10]
[9, 0]
[9, -11]
[9, -1]
[9, -12]
[9, -2]
[9, -11]
[10, -2]
[10, -11]
[9, -2]
[10, -10]
[9, -1]
[9, -10]
[9, 0]
[9, -11]
[8, 0]
[9, -10]
[7, 0]
[9, -11]
[7, 1]
[8, -11]
[6, 1]
[8, -10]
[6, 2]
[7, -10]
[5, 2]
[7, -11]
[5, 3]
[6, -11]
[5, 4]
[7, -11]
[6, 4]
[6, -11]
[7, 4]
[6, -12]
[8, 4]
[5, -12]
[8, 5]
[5, -13]
[8, 6]
[5, -14]
[8, 7]
[5, -13]
[8, 8]
[5, -14]
[9, 8]
[5, -15]
[9, 9]
[4, -15]
[10, 9]
[4, -14]
[9, 9]
[3, -14]
[9, 8]
[2, -14]
[9, 9]
[2, -13]
[9, 8]
[2, -14]
[9, 7]
[1, -14]
[9, 6]
[2, -14]
[9, 7]
[2, -13]
[10, 7]
[2, -12]
[10, 6]
[2, -11]
[10, 7]
[1, -11]
[11, 7]
[0, -11]
[11, 6]
[0, -12]
[11, 7]
[0, -13]
[11, 8]
[1, -13]
[11, 7]
[1, -12]
[10, 7]
[0, -12]
[11, 7]
[1, -12]
[11, 6]
[1, -13]
[10, 6]
[2, -13]
[11, 6]
[3, -13]
[12, 6]
[3, -14]
[13, 6]
[3, -15]
[12, 6]
[4, -15]
[12, 7]
[5, -15]
[13, 7]
[6, -15]
[13, 6]
[5, -15]
[14, 6]
[5, -14]
[14, 7]
[6, -14]
[13, 7]
[6, -15]
[12, 7]
[6, -16]
[12, 8]
[6, -15]
[12, 9]
[5, -15]
[13, 9]
[5, -14]
[12, 9]
[5, -13]
[13, 9]
[4, -13]
[14, 9]
[4, -12]
[15, 9]
[3, -12]
[14, 9]
[3, -13]
[15, 9]
[4, -13]
[14, 9]
[5, -13]
[14, 10]
[4, -13]
[13, 10]
[5, -13]
[14, 10]
[6, -13]
[13, 10]
[5, -13]
[13, 11]
[4, -13]
[13, 10]
[4, -14]
[13, 9]
[3, -14]
[13, 10]
[4, -14]
[12, 10]
[4, -15]
[13, 10]
[5, -15]
[13, 11]
[5, -16]
[13, 10]
[5, -15]
[13, 9]
[6, -15]
[14, 9]
[5, -15]
[14, 8]
[4, -15]
[15, 8]
[4, -16]
[15, 7]
[4, -15]
[14, 7]
[3, -15]
[14, 8]
[3, -14]
[13, 8]
[2, -14]
[14, 8]
[1, -14]
[14, 7]
[2, -14]
[13, 7]
[1, -14]
[13, 8]
[0, -14]
[13, 7]
[-1, -14]
[13, 6]
[-1, -15]
[12, 6]
[-2, -15]
[12, 7]
[-2, -16]
[12, 8]
[-2, -17]
[12, 7]
[-1, -17]
[12, 6]
[-1, -16]
[13, 6]
[0, -16]
[14, 6]
[0, -17]
[13, 6]
[-1, -17]
[12, 6]
[-2, -17]
[12, 5]
[-3, -17]
[11, 5]
[-2, -17]
[11, 4]
[-1, -17]
[11, 5]
[-1, -18]
[11, 4]
[-2, -18]
[11, 5]
[-2, -19]
[12, 5]
[-3, -19]
[12, 4]
[-4, -19]
[12, 3]
[-3, -19]
[12, 2]
[-4, -19]
[12, 3]
[-3, -19]
[12, 4]
[-3, -18]
[12, 3]
[-3, -19]
[13, 3]
[-3, -20]
[14, 3]
[-4, -20]
[14, 2]
[-3, -20]
[15, 2]
[-4, -20]
[14, 2]
[-4, -21]
[13, 2]
[-5, -21]
[13, 1]
[-5, -20]
[13, 0]
[-4, -20]
[14, 0]
[-3, -20]
[13, 0]
[-2, -20]
[13, 1]
[-3, -20]
[14, 1]
[-2, -20]
[13, 1]
[-1, -20]
[12, 1]
[-2, -20]
[12, 2]
[-3, -20]
[11, 2]
[-3, -19]
[11, 1]
[-3, -18]
[11, 0]
[-4, -18]
[10, 0]
[-4, -19]
[11, 0]
[-4, -20]
[12, 0]
[-4, -21]
[11, 0]
[-4, -22]
[10, 0]
[-4, -21]
[10, 1]
[-3, -21]
[10, 0]
[-3, -22]
[9, 0]
[-3, -21]
[9, -1]
[-3, -20]
[9, 0]
[-3, -19]
[8, 0]
[-3, -20]
[8, 1]
[-4, -20]
[7, 1]
[-5, -20]
[7, 0]
[-6, -20]
[8, 0]
[-6, -21]
[8, 1]
[-5, -21]
[7, 1]
[-5, -20]
[7, 0]
[-4, -20]
[7, 1]
[-5, -20]
[7, 2]
[-6, -20]
[7, 1]
[-5, -20]
[8, 1]
[-5, -19]
[7, 1]
[-6, -19]
[6, 1]
[-6, -20]
[7, 1]
[-5, -20]
[7, 0]
[-5, -19]
[6, 0]
[-4, -19]
[5, 0]
[-3, -19]
[6, 0]
[-3, -18]
[6, -1]
[-4, -18]
[7, -1]
[-4, -19]
[7, -2]
[-4, -20]
[6, -2]
[-4, -21]
[6, -3]
[-4, -22]
[6, -4]
[-4, -23]
[5, -4]
[-4, -22]
[5, -3]
[-3, -22]
[4, -3]
[-3, -21]
[5, -3]
[-2, -21]
[4, -3]
[-2, -20]
[4, -2]
[-1, -20]
[4, -1]
[0, -20]
[4, 0]
[0, -21]
[4, 1]
[0, -22]
[4, 0]
[-1, -22]
[4, 1]
[0, -22]
[3, 1]
[-1, -22]
[3, 2]
[-1, -23]
[4, 2]
[0, -23]
[3, 2]
[0, -22]
[3, 3]
[0, -23]
[4, 3]
[0, -22]
[4, 2]
[-1, -22]
[5, 2]
[-1, -21]
[6, 2]
[-1, -22]
[6, 1]
[-1, -23]
[6, 0]
[0, -23]
[5, 0]
[0, -22]
[6, 0]
[0, -21]
[5, 0]
[-1, -21]
[5, -1]
[-1, -20]
[5, 0]
[-1, -21]
[5, -1]
[-2, -21]
[5, -2]
[-2, -20]
[5, -1]
[-3, -20]
[6, -1]
[-4, -20]
[7, -1]
[-4, -21]
[8, -1]
[-4, -20]
[9, -1]
[-3, -20]
[9, 0]
[-4, -20]
[9, 1]
[-5, -20]
[8, 1]
[-6, -20]
[8, 2]
[-6, -21]
[8, 3]
[-6, -20]
[8, 4]
[-5, -20]
[8, 5]
[-4, -20]
[9, 5]
[-4, -19]
[10, 5]
[-3, -19]
[9, 5]
[-2, -19]
[8, 5]
[-3, -19]
[8, 6]
[-2, -19]
[8, 5]
[-2, -18]
[8, 6]
[-3, -18]
[8, 5]
[-2, -18]
[9, 5]
[-2, -19]
[8, 5]
[-3, -19]
[7, 5]
[-4, -19]
[7, 4]
[-4, -20]
[7, 3]
[-5, -20]
[7, 2]
[-5, -21]
[7, 1]
[-5, -22]
[7, 2]
[-6, -22]
[7, 3]
[-7, -22]
[7, 2]
[-7, -21]
[7, 3]
[-8, -21]
[8, 3]
[-8, -20]
[9, 3]
[-8, -21]
[9, 2]
[-8, -22]
[9, 3]
[-9, -22]
[9, 2]
[-9, -23]
[9, 3]
[-9, -24]
[9, 4]
[-9, -25]
[10, 4]
[-9, -24]
[9, 4]
[-10, -24]
[10, 4]
[-11, -24]
[10, 3]
[-10, -24]
[9, 3]
[-10, -23]
[9, 2]
[-10, -22]
[9, 1]
[-10, -21]
[9, 2]
[-10, -20]
[10, 2]
[-10, -19]
[10, 3]
[-9, -19]
[10, 4]
[-9, -20]
[10, 3]
[-10, -20]
[11, 3]
[-10, -21]
[12, 3]
[-9, -21]
[12, 2]
[-9, -20]
[13, 2]
[-9, -21]
[13, 1]
[-9, -20]
[13, 0]
[-9, -21]
[14, 0]
[-9, -22]
[13, 0]
[-9, -21]
[13, -1]
[-9, -20]
[13, 0]
[-8, -20]
[14, 0]
[-8, -19]
[14, -1]
[-8, -18]
[14, -2]
[-9, -18]
[15, -2]
[-8, -18]
[15, -1]
[-8, -17]
[16, -1]
[-9, -17]
[15, -1]
[-9, -18]
[14, -1]
[-10, -18]
[15, -1]
[-9, -18]
[14, -1]
[-8, -18]
[15, -1]
[-7, -18]
[15, 0]
[-6, -18]
[15, 1]
[-7, -18]
[16, 1]
[-7, -17]
[16, 2]
[-7, -18]
[16, 3]
[-7, -17]
[17, 3]
[-8, -17]
[17, 4]
[-9, -17]
[18, 4]
[-8, -17]
[17, 4]
[-9, -17]
[17, 5]
[-10, -17]
[17, 4]
[-10, -18]
[17, 5]
[-10, -17]
[17, 6]
[-10, -16]
[17, 7]
[-9, -16]
[18, 7]
[-9, -17]
[18, 6]
[-9, -16]
[17, 6]
[-9, -17]
[17, 7]
[-10, -17]
[17, 8]
[-9, -17]
[18, 8]
[-8, -17]
[19, 8]
[-8, -18]
[18, 8]
[-9, -18]
[19, 8]
[-10, -18]
[18, 8]
[-10, -17]
[19, 8]
[-10, -18]
[19, 7]
[-9, -18]
[19, 6]
[-9, -19]
[19, 5]
[-8, -19]
[19, 6]
[-9, -19]
[20, 6]
[-10, -19]
[21, 6]
[-9, -19]
[22, 6]
[-8, -19]
[22, 5]
[-8, -20]
[23, 5]
[-9, -20]
[22, 5]
[-9, -21]
[22, 6]
[-9, -22]
[21, 6]
[-9, -21]
[21, 7]
[-9, -20]
[20, 7]
[-10, -20]
[20, 8]
[-10, -19]
[20, 9]
[-10, -20]
[20, 8]
[-10, -19]
[19, 8]
[-10, -20]
[18, 8]
[-9, -20]
[17, 8]
[-8, -20]
[16, 8]
[-9, -20]
[15, 8]
[-10, -20]
[16, 8]
[-9, -20]
[15, 8]
[-10, -20]
[15, 7]
[-10, -19]
[14, 7]
[-9, -19]
[14, 6]
[-8, -19]
[14, 5]
[-8, -18]
[15, 5]
[-9, -18]
[16, 5]
[-9, -19]
[16, 6]
[-9, -20]
[16, 7]
[-9, -19]
[17, 7]
[-10, -19]
[18, 7]
[-10, -20]
[19, 7]
[-10, -21]
[20, 7]
[-10, -20]
[20, 8]
[-10, -21]
[19, 8]
[-10, -20]
[19, 7]
[-11, -20]
[20, 7]
[-10, -20]
[20, 8]
[-10, -19]
[20, 9]
[-10, -18]
[20, 10]
[-11, -18]
[20, 9]
[-10, -18]
[21, 9]
[-11, -18]
[21, 8]
[-11, -17]
[22, 8]
[-11, -16]
[22, 9]
[-12, -16]
[22, 8]
[-11, -16]
[23, 8]
[-12, -16]
[23, 7]
[-12, -15]
[23, 8]
[-11, -15]
[23, 7]
[-12, -15]
[23, 8]
[-13, -15]
[23, 9]
[-12, -15]
[24, 9]
[-11, -15]
[24, 10]
[-10, -15]
[23, 10]
[-10, -14]
[23, 11]
[-9, -14]
[24, 11]
[-10, -14]
[23, 11]
[-9, -14]
[24, 11]
[-9, -13]
[25, 11]
[-10, -13]
[26, 11]
[-10, -12]
[26, 12]
[-10, -11]
[27, 12]
[-10, -12]
[27, 13]
[-10, -11]
[27, 14]
[-9, -11]
[27, 15]
[-9, -10]
[27, 14]
[-9, -9]
[26, 14]
[-8, -9]
[26, 15]
[-8, -8]
[27, 15]
[-9, -8]
[27, 16]
[-8, -8]
[28, 16]
[-7, -8]
[27, 16]
[-6, -8]
[26, 16]
[-6, -7]
[27, 16]
[-5, -7]
[27, 15]
[-6, -7]
[27, 14]
[-6, -6]
[28, 14]
[-6, -7]
[27, 14]
[-6, -6]
[28, 14]
[-7, -6]
[28, 13]
[-8, -6]
[28, 12]
[-8, -5]
[27, 12]
[-7, -5]
[27, 11]
[-8, -5]
[27, 12]
[-8, -6]
[28, 12]
[-8, -7]
[28, 13]
[-9, -7]
[28, 14]
[-9, -8]
[28, 13]
[-9, -7]
[28, 14]
[-8, -7]
[27, 14]
[-9, -7]
[26, 14]
[-8, -7]
[25, 14]
[-7, -7]
[24, 14]
[-7, -6]
[24, 13]
[-7, -5]
[23, 13]
[-7, -6]
[22, 13]
[-7, -5]
[22, 14]
[-6, -5]
[22, 13]
[-5, -5]
[22, 12]
[-5, -4]
[23, 12]
[-4, -4]
[23, 13]
[-4, -3]
[23, 12]
[-4, -4]
[23, 13]
[-5, -4]
[23, 12]
[-4, -4]
[23, 13]
[-4, -5]
[24, 13]
[-4, -4]
[23, 13]
[-4, -3]
[23, 12]
[-5, -3]
[24, 12]
[-5, -2]
[25, 12]
[-5, -1]
[26, 12]
[-6, -1]
[26, 13]
[-7, -1]
[26, 12]
[-6, -1]
[26, 13]
[-6, -2]
[27, 13]
[-7, -2]
[27, 14]
[-8, -2]
[27, 15]
[-9, -2]
[28, 15]
[-9, -3]
[28, 16]
[-9, -2]
[29, 16]
[-9, -1]
[30, 16]
[-10, -1]
[31, 16]
[-9, -1]
[32, 16]
[-10, -1]
[31, 16]
[-10, -2]
[32, 16]
[-11, -2]
[31, 16]
[-10, -2]
[30, 16]
[-9, -2]
[30, 15]
[-10, -2]
[29, 15]
[-10, -1]
[29, 14]
[-10, 0]
[29, 15]
[-11, 0]
[29, 16]
[-10, 0]
[28, 16]
[-9, 0]
[28, 17]
[-10, 0]
[29, 17]
[-11, 0]
[30, 17]
[-12, 0]
[30, 16]
[-11, 0]
[30, 15]
[-12, 0]
[30, 16]
[-12, 1]
[29, 16]
[-12, 0]
[28, 16]
[-12, -1]
[29, 16]
[-11, -1]
[29, 17]
[-11, 0]
[28, 17]
[-12, 0]
[29, 17]
[-11, 0]
[29, 18]
[-12, 0]
[29, 17]
[-11, 0]
[30, 17]
[-12, 0]
[30, 18]
[-11, 0]
[29, 18]
[-11, 1]
[28, 18]
[-11, 2]
[29, 18]
[-11, 3]
[29, 19]
[-11, 2]
[28, 19]
[-10, 2]
[28, 18]
[-9, 2]
[29, 18]
[-8, 2]
[28, 18]
[-7, 2]
[27, 18]
[-8, 2]
[28, 18]
[-8, 3]
[29, 18]
[-8, 2]
[30, 18]
[-9, 2]
[31, 18]
[-10, 2]
[30, 18]
[-11, 2]
[29, 18]
[-11, 1]
[29, 19]
[-11, 2]
[29, 20]
[-11, 3]
[29, 19]
[-12, 3]
[30, 19]
[-11, 3]
[30, 20]
[-11, 4]
[30, 21]
[-11, 3]
[31, 21]
[-10, 3]
[30, 21]
[-11, 3]
[30, 22]
[-11, 2]
[31, 22]
[-11, 3]
[32, 22]
[-10, 3]
[33, 22]
[-11, 3]
[33, 21]
[-11, 2]
[33, 22]
[-10, 2]
[34, 22]
[-10, 3]
[34, 21]
[-10, 2]
[33, 21]
[-10, 3]
[32, 21]
[-9, 3]
[33, 21]
[-9, 4]
[32, 21]
[-9, 5]
[32, 22]
[-10, 5]
[32, 23]
[-10, 4]
[33, 23]
[-10, 3]
[32, 23]
[-10, 2]
[31, 23]
[-11, 2]
[30, 23]
[-12, 2]
[29, 23]
[-11, 2]
[29, 24]
[-12, 2]
[28, 24]
[-12, 3]
[27, 24]
[-13, 3]
[26, 24]
[-14, 3]
[25, 24]
[-14, 4]
[24, 24]
[-14, 5]
[25, 24]
[-13, 5]
[25, 25]
[-12, 5]
[24, 25]
[-13, 5]
[25, 25]
[-12, 5]
[24, 25]
[-11, 5]
[24, 24]
[-11, 6]
[24, 23]
[-10, 6]
[24, 24]
[-11, 6]
[24, 25]
[-10, 6]
[24, 24]
[-10, 7]
[23, 24]
[-9, 7]
[22, 24]
[-9, 6]
[22, 23]
[-9, 5]
[22, 24]
[-8, 5]
[22, 25]
[-8, 4]
[22, 26]
[-8, 3]
[22, 27]
[-8, 2]
[23, 27]
[-9, 2]
[23, 28]
[-10, 2]
[23, 27]
[-11, 2]
[24, 27]
[-11, 1]
[24, 26]
[-12, 1]
[23, 26]
[-12, 2]
[22, 26]
[-11, 2]
[22, 27]
[-11, 3]
[22, 28]
[-12, 3]
[23, 28]
[-12, 4]
[23, 27]
[-11, 4]
[23, 28]
[-12, 4]
[23, 27]
[-12, 5]
[23, 28]
[-13, 5]
[23, 27]
[-13, 6]
[23, 26]
[-12, 6]
[23, 25]
[-13, 6]
[24, 25]
[-12, 6]
[24, 26]
[-11, 6]
[24, 25]
[-12, 6]
[23, 25]
[-11, 6]
[23, 24]
[-12, 6]
[24, 24]
[-12, 5]
[24, 25]
[-12, 4]
[25, 25]
[-12, 3]
[24, 25]
[-13, 3]
[23, 25]
[-12, 3]
[24, 25]
[-12, 2]
[25, 25]
[-12, 1]
[25, 24]
[-11, 1]
[26, 24]
[-11, 0]
[25, 24]
[-12, 0]
[26, 24]
[-12, -1]
[25, 24]
[-11, -1]
[25, 23]
[-12, -1]
[25, 24]
[-11, -1]
[25, 25]
[-10, -1]
[25, 26]
[-11, -1]
[25, 25]
[-10, -1]
[26, 25]
[-10, -2]
[27, 25]
[-10, -1]
[28, 25]
[-10, 0]
[28, 26]
[-10, 1]
[27, 26]
[-10, 0]
[27, 25]
[-9, 0]
[27, 24]
[-10, 0]
[26, 24]
[-9, 0]
[27, 24]
[-8, 0]
[26, 24]
[-8, -1]
[27, 24]
[-8, 0]
[27, 23]
[-8, -1]
[27, 22]
[-8, 0]
[27, 23]
[-7, 0]
[27, 24]
[-7, 1]
[26, 24]
[-7, 2]
[26, 23]
[-7, 1]
[26, 24]
[-7, 2]
[26, 25]
[-7, 3]
[27, 25]
[-7, 2]
[28, 25]
[-7, 3]
[28, 24]
[-7, 4]
[29, 24]
[-7, 3]
[29, 25]
[-7, 4]
[29, 24]
[-7, 5]
[30, 24]
[-6, 5]
[30, 25]
[-6, 4]
[31, 25]
[-6, 5]
[31, 24]
[-6, 4]
[32, 24]
[-6, 5]
[32, 25]
[-6, 4]
[32, 26]
[-7, 4]
[31, 26]
[-8, 4]
[30, 26]
[-7, 4]
[30, 27]
[-8, 4]
[31, 27]
[-9, 4]
[31, 28]
[-10, 4]
[31, 29]
[-11, 4]
[30, 29]
[-11, 5]
[30, 30]
[-10, 5]
[30, 29]
[-10, 6]
[30, 30]
[-10, 7]
[30, 29]
[-11, 7]
[31, 29]
[-10, 7]
[31, 28]
[-10, 6]
[31, 27]
[-11, 6]
[31, 26]
[-10, 6]
[32, 26]
[-10, 5]
[32, 25]
[-9, 5]
[31, 25]
[-9, 4]
[30, 25]
[-9, 3]
[31, 25]
[-9, 4]
[30, 25]
[-9, 5]
[30, 24]
[-8, 5]
[31, 24]
[-8, 6]
[31, 23]
[-9, 6]
[31, 22]
[-9, 5]
[31, 23]
[-10, 5]
[30, 23]
[-10, 4]
[29, 23]
[-10, 3]
[29, 22]
[-9, 3]
[28, 22]
[-9, 4]
[28, 23]
[-9, 3]
[28, 24]
[-9, 2]
[29, 24]
[-9, 1]
[28, 24]
[-8, 1]
[28, 25]
[-8, 0]
[27, 25]
[-9, 0]
[26, 25]
[-9, 1]
[26, 26]
[-9, 0]
[26, 27]
[-9, 1]
[26, 28]
[-10, 1]
[26, 29]
[-10, 0]
[27, 29]
[-10, -1]
[27, 30]
[-10, -2]
[27, 31]
[-10, -3]
[28, 31]
[-9, -3]
[27, 31]
[-9, -4]
[27, 30]
[-9, -5]
[26, 30]
[-10, -5]
[27, 30]
[-10, -6]
[26, 30]
[-9, -6]
[26, 31]
[-9, -7]
[27, 31]
[-9, -8]
[27, 30]
[-9, -7]
[27, 29]
[-8, -7]
[27, 28]
[-8, -8]
[26, 28]
[-9, -8]
[26, 29]
[-9, -9]
[25, 29]
[-9, -10]
[26, 29]
[-9, -9]
[26, 28]
[-8, -9]
[26, 27]
[-7, -9]
[27, 27]
[-8, -9]
[27, 28]
[-8, -10]
[26, 28]
[-8, -11]
[25, 28]
[-7, -11]
[25, 27]
[-6, -11]
[26, 27]
[-5, -11]
[27, 27]
[-6, -11]
[26, 27]
[-7, -11]
[27, 27]
[-8, -11]
[27, 26]
[-8, -12]
[28, 26]
[-9, -12]
[29, 26]
[-9, -11]
[29, 25]
[-9, -10]
[28, 25]
[-9, -9]
[28, 24]
[-9, -10]
[28, 23]
[-8, -10]
[28, 22]
[-9, -10]
[29, 22]
[-8, -10]
[28, 22]
[-8, -9]
[28, 21]
[-7, -9]
[28, 22]
[-6, -9]
[29, 22]
[-7, -9]
[29, 21]
[-6, -9]
[29, 20]
[-6, -10]
[28, 20]
[-5, -10]
[27, 20]
[-4, -10]
[26, 20]
[-3, -10]
[26, 19]
[-2, -10]
[25, 19]
[-1, -10]
[26, 19]
[0, -10]
[25, 19]
[0, -9]
[26, 19]
[0, -10]
[26, 18]
[1, -10]
[27, 18]
[1, -9]
[26, 18]
[2, -9]
[26, 17]
[2, -8]
[27, 17]
[3, -8]
[27, 18]
[4, -8]
[26, 18]
[3, -8]
[25, 18]
[3, -7]
[26, 18]
[2, -7]
[25, 18]
[3, -7]
[25, 19]
[3, -8]
[25, 20]
[4, -8]
[26, 20]
[5, -8]
[25, 20]
[6, -8]
[24, 20]
[7, -8]
[24, 19]
[7, -9]
[25, 19]
[7, -8]
[24, 19]
[8, -8]
[24, 20]
[9, -8]
[24, 21]
[9, -9]
[24, 22]
[9, -8]
[25, 22]
[8, -8]
[25, 23]
[9, -8]
[26, 23]
[10, -8]
[25, 23]
[9, -8]
[26, 23]
[9, -9]
[26, 24]
[8, -9]
[26, 25]
[8, -10]
[26, 24]
[9, -10]
[26, 25]
[8, -10]
[26, 26]
[8, -11]
[26, 25]
[9, -11]
[27, 25]
[8, -11]
[27, 24]
[7, -11]
[28, 24]
[7, -12]
[28, 23]
[6, -12]
[28, 22]
[7, -12]
[27, 22]
[8, -12]
[26, 22]
[7, -12]
[26, 23]
[8, -12]
[25, 23]
[9, -12]
[25, 22]
[8, -12]
[25, 23]
[8, -11]
[24, 23]
[8, -10]
[25, 23]
[8, -11]
[25, 22]
[8, -10]
[25, 23]
[8, -9]
[25, 24]
[8, -10]
[25, 23]
[7, -10]
[24, 23]
[7, -11]
[25, 23]
[6, -11]
[26, 23]
[6, -12]
[26, 22]
[5, -12]
[27, 22]
[4, -12]
[27, 21]
[5, -12]
[27, 20]
[4, -12]
[28, 20]
[5, -12]
[29, 20]
[6, -12]
[29, 21]
[7, -12]
[28, 21]
[7, -13]
[29, 21]
[6, -13]
[30, 21]
[6, -12]
[29, 21]
[7, -12]
[28, 21]
[8, -12]
[28, 20]
[7, -12]
[29, 20]
[8, -12]
[28, 20]
[7, -12]
[29, 20]
[7, -11]
[29, 21]
[7, -12]
[29, 20]
[7, -13]
[30, 20]
[7, -12]
[30, 21]
[7, -11]
[29, 21]
[8, -11]
[28, 21]
[9, -11]
[29, 21]
[9, -12]
[29, 20]
[9, -13]
[29, 21]
[9, -14]
[30, 21]
[10, -14]
[29, 21]
[11, -14]
[29, 20]
[11, -15]
[28, 20]
[11, -16]
[28, 19]
[12, -16]
[28, 20]
[12, -15]
[28, 21]
[12, -16]
[28, 22]
[11, -16]
[27, 22]
[12, -16]
[27, 23]
[12, -15]
[27, 22]
[11, -15]
[28, 22]
[10, -15]
[27, 22]
[10, -14]
[27, 23]
[10, -15]
[26, 23]
[11, -15]
[26, 24]
[11, -14]
[27, 24]
[11, -13]
[26, 24]
[11, -12]
[26, 25]
[11, -13]
[27, 25]
[12, -13]
[27, 24]
[12, -12]
[27, 23]
[12, -11]
[27, 24]
[13, -11]
[28, 24]
[13, -12]
[29, 24]
[14, -12]
[30, 24]
[14, -11]
[29, 24]
[13, -11]
[29, 25]
[12, -11]
[30, 25]
[12, -10]
[31, 25]
[12, -9]
[31, 26]
[12, -10]
[32, 26]
[13, -10]
[33, 26]
[14, -10]
[32, 26]
[14, -11]
[32, 25]
[13, -11]
[31, 25]
[14, -11]
[31, 26]
[14, -12]
[30, 26]
[13, -12]
[30, 25]
[13, -13]
[31, 25]
[12, -13]
[30, 25]
[12, -12]
[30, 26]
[12, -13]
[30, 25]
[13, -13]
[29, 25]
[13, -12]
[30, 25]
[13, -13]
[30, 24]
[12, -13]
[31, 24]
[13, -13]
[31, 23]
[12, -13]
[31, 22]
[13, -13]
[31, 21]
[13, -12]
[32, 21]
[13, -13]
[33, 21]
[14, -13]
[33, 20]
[14, -12]
[32, 20]
[14, -13]
[32, 19]
[13, -13]
[31, 19]
[12, -13]
[31, 18]
[13, -13]
[30, 18]
[13, -14]
[30, 19]
[14, -14]
[30, 18]
[14, -15]
[30, 17]
[14, -14]
[30, 18]
[15, -14]
[30, 17]
[15, -15]
[30, 18]
[14, -15]
[29, 18]
[14, -16]
[30, 18]
[14, -17]
[30, 19]
[15, -17]
[31, 19]
[15, -18]
[31, 20]
[14, -18]
[32, 20]
[15, -18]
[33, 20]
[14, -18]
[34, 20]
[13, -18]
[33, 20]
[13, -17]
[33, 21]
[12, -17]
[33, 22]
[12, -18]
[34, 22]
[12, -17]
[35, 22]
[13, -17]
[36, 22]
[13, -18]
[37, 22]
[13, -19]
[38, 22]
[13, -18]
[38, 21]
[12, -18]
[39, 21]
[12, -19]
[39, 20]
[13, -19]
[38, 20]
[13, -20]
[38, 19]
[12, -20]
[38, 18]
[12, -21]
[38, 17]
[11, -21]
[37, 17]
[11, -22]
[38, 17]
[11, -23]
[39, 17]
[11, -22]
[39, 16]
[10, -22]
[38, 16]
[9, -22]
[39, 16]
[10, -22]
[38, 16]
[9, -22]
[39, 16]
[8, -22]
[40, 16]
[7, -22]
[41, 16]
[7, -23]
[41, 17]
[8, -23]
[42, 17]
[9, -23]
[42, 16]
[9, -22]
[43, 16]
[9, -23]
[43, 17]
[10, -23]
[44, 17]
[10, -24]
[44, 16]
[10, -23]
[44, 17]
[9, -23]
[44, 16]
[10, -23]
[44, 17]
[9, -23]
[45, 17]
[10, -23]
[46, 17]
[9, -23]
[46, 18]
[10, -23]
[46, 17]
[10, -22]
[45, 17]
[11, -22]
[45, 18]
[11, -21]
[46, 18]
[10, -21]
[46, 17]
[11, -21]
[46, 16]
[10, -21]
[47, 16]
[9, -21]
[46, 16]
[8, -21]
[47, 16]
[7, -21]
[47, 15]
[7, -20]
[47, 14]
[6, -20]
[46, 14]
[5, -20]
[46, 13]
[4, -20]
[46, 12]
[4, -19]
[47, 12]
[4, -20]
[47, 13]
[4, -21]
[48, 13]
[4, -20]
[49, 13]
[4, -21]
[48, 13]
[4, -20]
[47, 13]
[5, -20]
[47, 12]
[6, -20]
[47, 11]
[6, -19]
[47, 12]
[7, -19]
[48, 12]
[7, -20]
[49, 12]
[7, -21]
[49, 11]
[7, -20]
[49, 10]
[6, -20]
[50, 10]
[7, -20]
[50, 11]
[7, -19]
[50, 12]
[7, -18]
[49, 12]
[8, -18]
[49, 11]
[8, -17]
[50, 11]
[9, -17]
[51, 11]
[10, -17]
[52, 11]
[11, -17]
[53, 11]
[12, -17]
[52, 11]
[12, -18]
[51, 11]
[12, -17]
[50, 11]
[11, -17]
[50, 10]
[11, -18]
[50, 9]
[10, -18]
[50, 10]
[10, -19]
[50, 11]
[11, -19]
[50, 12]
[11, -20]
[49, 12]
[11, -19]
[48, 12]
[10, -19]
[49, 12]
[11, -19]
[50, 12]
[10, -19]
[49, 12]
[9, -19]
[49, 13]
[8, -19]
[48, 13]
[8, -18]
[49, 13]
[8, -17]
[50, 13]
[8, -18]
[50, 14]
[7, -18]
[51, 14]
[7, -17]
[50, 14]
[6, -17]
[49, 14]
[7, -17]
[49, 13]
[8, -17]
[50, 13]
[7, -17]
[50, 14]
[7, -18]
[50, 13]
[7, -17]
[51, 13]
[7, -16]
[52, 13]
[7, -15]
[53, 13]
[8, -15]
[54, 13]
[8, -14]
[53, 13]
[8, -15]
[53, 12]
[9, -15]
[52, 12]
[9, -16]
[52, 13]
[9, -15]
[52, 14]
[8, -15]
[52, 13]
[8, -14]
[51, 13]
[8, -15]
[50, 13]
[9, -15]
[49, 13]
[9, -16]
[49, 14]
[9, -17]
[49, 13]
[9, -18]
[48, 13]
[10, -18]
[48, 12]
[9, -18]
[48, 11]
[9, -19]
[48, 10]
[9, -18]
[48, 9]
[9, -19]
[47, 9]
[8, -19]
[46, 9]
[8, -20]
[46, 10]
[7, -20]
[46, 11]
[6, -20]
[46, 12]
[6, -21]
[46, 11]
[6, -22]
[46, 10]
[6, -21]
[45, 10]
[5, -21]
[45, 9]
[5, -22]
[44, 9]
[5, -21]
[44, 8]
[6, -21]
[43, 8]
[5, -21]
[44, 8]
[5, -20]
[45, 8]
[5, -19]
[44, 8]
[5, -20]
[44, 9]
[5, -21]
[44, 10]
[4, -21]
[44, 11]
[5, -21]
[44, 10]
[5, -20]
[45, 10]
[4, -20]
[46, 10]
[5, -20]
[46, 9]
[5, -19]
[47, 9]
[5, -20]
[47, 10]
[6, -20]
[47, 11]
[7, -20]
[48, 11]
[7, -21]
[47, 11]
[8, -21]
[47, 10]
[8, -22]
[47, 11]
[8, -23]
[46, 11]
[7, -23]
[47, 11]
[7, -22]
[47, 12]
[8, -22]
[48, 12]
[8, -23]
[48, 11]
[7, -23]
[49, 11]
[7, -24]
[49, 10]
[8, -24]
[50, 10]
[8, -23]
[50, 9]
[7, -23]
[50, 10]
[7, -24]
[50, 9]
[8, -24]
[50, 10]
[8, -25]
[51, 10]
[8, -26]
[50, 10]
[8, -27]
[50, 11]
[8, -28]
[50, 10]
[8, -29]
[50, 11]
[7, -29]
[49, 11]
[7, -28]
[50, 11]
[6, -28]
[51, 11]
[6, -29]
[51, 12]
[5, -29]
[52, 12]
[4, -29]
[52, 11]
[4, -30]
[53, 11]
[3, -30]
[54, 11]
[3, -31]
[54, 12]
[3, -30]
[55, 12]
[2, -30]
[54, 12]
[1, -30]
[55, 12]
[0, -30]
[56, 12]
[0, -29]
[57, 12]
[0, -28]
[57, 11]
[0, -27]
[56, 11]
[1, -27]
[57, 11]
[0, -27]
[57, 10]
[0, -28]
[56, 10]
[0, -27]
[57, 10]
[0, -28]
[57, 11]
[0, -29]
[58, 11]
[0, -30]
[57, 11]
[1, -30]
[58, 11]
[0, -30]
[58, 10]
[-1, -30]
[57, 10]
[-1, -29]
[58, 10]
[-1, -28]
[57, 10]
[-1, -29]
[57, 9]
[-2, -29]
[57, 10]
[-2, -30]
[58, 10]
[-2, -29]
[57, 10]
[-3, -29]
[57, 9]
[-2, -29]
[56, 9]
[-2, -28]
[55, 9]
[-2, -27]
[55, 10]
[-2, -28]
[55, 9]
[-2, -27]
[54, 9]
[-1, -27]
[55, 9]
[-2, -27]
[55, 8]
[-2, -26]
[56, 8]
[-2, -25]
[56, 7]
[-2, -26]
[56, 8]
[-3, -26]
[57, 8]
[-2, -26]
[57, 9]
[-2, -25]
[57, 10]
[-2, -24]
[57, 9]
[-1, -24]
[57, 8]
[0, -24]
[56, 8]
[0, -23]
[56, 9]
[0, -22]
[56, 8]
[0, -21]
[55, 8]
[-1, -21]
[54, 8]
[0, -21]
[54, 9]
[-1, -21]
[54, 10]
[-2, -21]
[53, 10]
[-1, -21]
[54, 10]
[-2, -21]
[55, 10]
[-1, -21]
[55, 9]
[-2, -21]
[54, 9]
[-2, -20]
[54, 8]
[-2, -19]
[55, 8]
[-1, -19]
[54, 8]
[0, -19]
[53, 8]
[0, -20]
[53, 9]
[1, -20]
[54, 9]
[1, -19]
[54, 8]
[1, -20]
[54, 9]
[1, -21]
[55, 9]
[1, -22]
[55, 8]
[2, -22]
[56, 8]
[3, -22]
[57, 8]
[4, -22]
[58, 8]
[4, -21]
[58, 9]
[3, -21]
[57, 9]
[4, -21]
[57, 8]
[4, -20]
[58, 8]
[4, -21]
[58, 9]
[4, -22]
[59, 9]
[4, -21]
[59, 10]
[5, -21]
[60, 10]
[6, -21]
[59, 10]
[6, -22]
[59, 9]
[6, -21]
[59, 10]
[6, -20]
[59, 9]
[7, -20]
[59, 10]
[7, -21]
[60, 10]
[8, -21]
[60, 11]
[8, -20]
[60, 12]
[7, -20]
[61, 12]
[8, -20]
[60, 12]
[9, -20]
[60, 11]
[9, -19]
[59, 11]
[8, -19]
[58, 11]
[8, -20]
[57, 11]
[8, -21]
[57, 10]
[8, -20]
[57, 11]
[7, -20]
[57, 10]
[7, -19]
[56, 10]
[6, -19]
[55, 10]
[7, -19]
[55, 9]
[8, -19]
[55, 8]
[8, -18]
[55, 9]
[8, -17]
[54, 9]
[8, -18]
[54, 8]
[7, -18]
[55, 8]
[8, -18]
[55, 9]
[8, -19]
[56, 9]
[8, -18]
[56, 8]
[7, -18]
[56, 9]
[6, -18]
[55, 9]
[7, -18]
[54, 9]
[8, -18]
[54, 8]
[8, -19]
[55, 8]
[8, -18]
[55, 9]
[8, -17]
[54, 9]
[8, -16]
[54, 10]
[8, -17]
[54, 9]
[7, -17]
[54, 8]
[6, -17]
[53, 8]
[6, -18]
[53, 7]
[7, -18]
[53, 8]
[7, -17]
[54, 8]
[7, -18]
[54, 7]
[8, -18]
[54, 6]
[7, -18]
[53, 6]
[7, -17]
[54, 6]
[7, -16]
[54, 5]
[7, -17]
[55, 5]
[6, -17]
[55, 6]
[7, -17]
[54, 6]
[7, -18]
[55, 6]
[7, -17]
[55, 7]
[7, -16]
[55, 8]
[7, -17]
[54, 8]
[6, -17]
[54, 7]
[6, -18]
[55, 7]
[6, -19]
[55, 8]
[5, -19]
[54, 8]
[5, -18]
[54, 9]
[6, -18]
[55, 9]
[6, -17]
[55, 10]
[6, -18]
[55, 9]
[6, -19]
[55, 8]
[6, -18]
[55, 7]
[6, -17]
[56, 7]
[6, -18]
[56, 6]
[7, -18]
[57, 6]
[7, -19]
[57, 7]
[6, -19]
[57, 6]
[7, -19]
[57, 5]
[7, -20]
[57, 4]
[6, -20]
[58, 4]
[7, -20]
[58, 5]
[8, -20]
[57, 5]
[9, -20]
[58, 5]
[9, -21]
[58, 6]
[9, -20]
[59, 6]
[10, -20]
[59, 7]
[9, -20]
[60, 7]
[10, -20]
[60, 6]
[10, -21]
[60, 5]
[10, -22]
[60, 6]
[11, -22]
[61, 6]
[10, -22]
[61, 5]
[10, -21]
[61, 4]
[9, -21]
[61, 5]
[9, -20]
[60, 5]
[9, -19]
[60, 4]
[9, -20]
[61, 4]
[10, -20]
[61, 3]
[9, -20]
[60, 3]
[9, -19]
[59, 3]
[8, -19]
[59, 4]
[9, -19]
[58, 4]
[9, -20]
[58, 5]
[9, -19]
[59, 5]
[8, -19]
[59, 4]
[8, -18]
[60, 4]
[8, -19]
[60, 5]
[9, -19]
[61, 5]
[8, -19]
[60, 5]
[7, -19]
[60, 4]
[8, -19]
[60, 3]
[9, -19]
[60, 2]
[9, -18]
[61, 2]
[9, -17]
[61, 1]
[8, -17]
[61, 0]
[8, -16]
[61, -1]
[8, -17]
[60, -1]
[8, -16]
[60, 0]
[8, -15]
[60, -1]
[7, -15]
[60, 0]
[6, -15]
[60, -1]
[6, -16]
[60, -2]
[6, -17]
[60, -3]
[5, -17]
[59, -3]
[5, -18]
[59, -4]
[5, -19]
[60, -4]
[6, -19]
[59, -4]
[7, -19]
[59, -5]
[6, -19]
[59, -6]
[5, -19]
[59, -7]
[4, -19]
[58, -7]
[4, -18]
[58, -8]
[3, -18]
[59, -8]
[2, -18]
[58, -8]
[3, -18]
[58, -9]
[3, -19]
[59, -9]
[4, -19]
[58, -9]
[4, -20]
[59, -9]
[5, -20]
[58, -9]
[5, -19]
[59, -9]
[6, -19]
[59, -8]
[6, -18]
[59, -9]
[7, -18]
[59, -8]
[8, -18]
[60, -8]
[7, -18]
[61, -8]
[7, -19]
[61, -9]
[7, -18]
[62, -9]
[6, -18]
[61, -9]
[7, -18]
[62, -9]
[7, -19]
[62, -10]
[6, -19]
[61, -10]
[5, -19]
[61, -9]
[4, -19]
[61, -8]
[4, -18]
[62, -8]
[4, -17]
[61, -8]
[3, -17]
[61, -7]
[4, -17]
[62, -7]
[5, -17]
[63, -7]
[4, -17]
[63, -8]
[3, -17]
[63, -7]
[3, -18]
[62, -7]
[2, -18]
[61, -7]
[3, -18]
[62, -7]
[3, -19]
[63, -7]
[3, -20]
[63, -8]
[2, -20]
[63, -7]
[3, -20]
[63, -6]
[3, -21]
[64, -6]
[2, -21]
[65, -6]
[3, -21]
[65, -7]
[2, -21]
[65, -8]
[2, -20]
[65, -9]
[1, -20]
[66, -9]
[1, -21]
[66, -8]
[1, -22]
[66, -9]
[1, -23]
[66, -10]
[2, -23]
[66, -11]
[2, -22]
[67, -11]
[3, -22]
[67, -12]
[4, -22]
[66, -12]
[3, -22]
[66, -11]
[2, -22]
[66, -12]
[3, -22]
[66, -11]
[3, -21]
[66, -12]
[4, -21]
[67, -12]
[4, -22]
[67, -13]
[4, -21]
[67, -12]
[5, -21]
[67, -13]
[6, -21]
[67, -12]
[6, -22]
[68, -12]
[6, -21]
[68, -13]
[6, -20]
[68, -12]
[7, -20]
[68, -11]
[6, -20]
[68, -10]
[6, -21]
[68, -11]
[5, -21]
[68, -12]
[4, -21]
[67, -12]
[4, -20]
[68, -12]
[4, -21]
[68, -13]
[3, -21]
[67, -13]
[3, -20]
[68, -13]
[4, -20]
[68, -12]
[3, -20]
[67, -12]
[3, -19]
[67, -11]
[4, -19]
[68, -11]
[4, -18]
[67, -11]
[4, -17]
[68, -11]
[4, -18]
[68, -10]
[5, -18]
[67, -10]
[5, -17]
[67, -11]
[5, -18]
[68, -11]
[5, -17]
[68, -10]
[5, -18]
[69, -10]
[4, -18]
[69, -11]
[4, -17]
[70, -11]
[5, -17]
[71, -11]
[4, -17]
[72, -11]
[4, -18]
[72, -10]
[4, -19]
[73, -10]
[4, -18]
[73, -11]
[3, -18]
[73, -10]
[4, -18]
[72, -10]
[3, -18]
[71, -10]
[4, -18]
[71, -11]
[4, -19]
[72, -11]
[3, -19]
[72, -12]
[4, -19]
[72, -13]
[3, -19]
[73, -13]
[2, -19]
[74, -13]
[3, -19]
[74, -14]
[3, -18]
[73, -14]
[4, -18]
[73, -13]
[4, -17]
[74, -13]
[4, -16]
[73, -13]
[5, -16]
[73, -12]
[4, -16]
[72, -12]
[4, -15]
[73, -12]
[5, -15]
[73, -13]
[5, -16]
[73, -12]
[6, -16]
[72, -12]
[6, -15]
[71, -12]
[6, -16]
[70, -12]
[6, -15]
[70, -11]
[6, -16]
[70, -12]
[6, -17]
[71, -12]
[7, -17]
[71, -13]
[7, -16]
[72, -13]
[8, -16]
[72, -14]
[8, -15]
[73, -14]
[8, -16]
[74, -14]
[8, -17]
[74, -15]
[9, -17]
[73, -15]
[10, -17]
[74, -15]
[10, -18]
[73, -15]
[10, -17]
[74, -15]
[11, -17]
[73, -15]
[10, -17]
[72, -15]
[10, -18]
[71, -15]
[9, -18]
[71, -16]
[9, -19]
[72, -16]
[8, -19]
[72, -17]
[7, -19]
[72, -18]
[6, -19]
[72, -19]
[7, -19]
[72, -20]
[6, -19]
[72, -21]
[7, -19]
[72, -22]
[7, -20]
[72, -21]
[7, -21]
[72, -22]
[7, -22]
[72, -21]
[7, -23]
[72, -22]
[7, -22]
[73, -22]
[7, -21]
[74, -22]
[7, -22]
[75, -22]
[6, -22]
[75, -23]
[6, -23]
[74, -23]
[6, -24]
[74, -22]
[6, -23]
[73, -22]
[7, -23]
[74, -22]
[8, -23]
[75, -22]
[8, -24]
[75, -23]
[8, -23]
[76, -23]
[8, -22]
[75, -23]
[9, -22]
[75, -24]
[8, -22]
[75, -23]
[9, -22]
[75, -22]
[8, -22]
[75, -21]
[8, -23]
[76, -21]
[8, -24]
[76, -22]
[7, -24]
[76, -21]
[6, -24]
[75, -21]
[7, -24]
[76, -21]
[7, -23]
[75, -21]
[7, -22]
[74, -21]
[7, -23]
[74, -22]
[8, -23]
[73, -22]
[8, -22]
[73, -21]
[7, -22]
[74, -21]
[7, -21]
[73, -21]
[6, -21]
[73, -22]
[6, -20]
[73, -23]
[6, -19]
[74, -23]
[6, -20]
[73, -23]
[5, -20]
[74, -23]
[4, -20]
[74, -24]
[5, -20]
[74, -25]
[6, -20]
[75, -25]
[5, -20]
[75, -24]
[5, -21]
[74, -24]
[4, -21]
[74, -23]
[4, -22]
[74, -24]
[4, -23]
[75, -24]
[4, -24]
[76, -24]
[4, -25]
[75, -24]
[3, -25]
[75, -23]
[3, -24]
[74, -23]
[3, -23]
[74, -22]
[4, -23]
[74, -23]
[3, -23]
[74, -24]
[3, -24]
[73, -24]
[3, -25]
[72, -24]
[3, -26]
[72, -23]
[3, -27]
[73, -23]
[3, -26]
[73, -22]
[3, -25]
[74, -22]
[3, -24]
[75, -22]
[3, -25]
[75, -23]
[2, -25]
[75, -24]
[1, -25]
[74, -24]
[1, -24]
[74, -23]
[1, -25]
[74, -22]
[0, -25]
[74, -23]
[-1, -25]
[74, -22]
[0, -25]
[74, -21]
[0, -24]
[74, -20]
[0, -25]
[74, -21]
[1, -25]
[74, -22]
[0, -25]
[75, -22]
[1, -25]
[76, -22]
[1, -26]
[76, -23]
[2, -26]
[77, -23]
[1, -26]
[78, -23]
[0, -26]
[78, -22]
[1, -26]
[77, -22]
[2, -26]
[76, -22]
[1, -26]
[75, -22]
[1, -27]
[75, -23]
[1, -28]
[74, -23]
[0, -28]
[74, -22]
[0, -27]
[74, -23]
[0, -26]
[73, -23]
[0, -27]
[73, -22]
[-1, -27]
[72, -22]
[-1, -26]
[73, -22]
[0, -26]
[73, -23]
[0, -27]
[74, -23]
[0, -28]
[74, -24]
[0, -27]
[74, -25]
[0, -26]
[75, -25]
[1, -26]
[76, -25]
[0, -26]
[76, -26]
[1, -26]
[75, -26]
[0, -26]
[75, -27]
[0, -25]
[75, -28]
[1, -25]
[76, -28]
[1, -26]
[77, -28]
[2, -26]
[77, -29]
[2, -27]
[78, -29]
[2, -26]
[78, -28]
[2, -27]
[78, -29]
[2, -28]
[78, -28]
[3, -28]
[78, -27]
[3, -27]
[79, -27]
[3, -26]
[80, -27]
[3, -25]
[81, -27]
[3, -24]
[81, -28]
[2, -24]
[80, -28]
[2, -23]
[80, -29]
[2, -24]
[80, -28]
[3, -24]
[80, -29]
[3, -25]
[80, -30]
[3, -24]
[80, -29]
[3, -25]
[80, -30]
[4, -25]
[79, -30]
[4, -24]
[80, -30]
[4, -23]
[80, -31]
[4, -22]
[81, -31]
[4, -21]
[82, -31]
[3, -21]
[83, -31]
[3, -22]
[82, -31]
[3, -21]
[82, -30]
[3, -22]
[82, -31]
[2, -22]
[82, -32]
[3, -22]
[81, -32]
[3, -23]
[81, -31]
[2, -23]
[82, -31]
[1, -23]
[82, -30]
[0, -23]
[83, -30]
[1, -23]
[82, -30]
[1, -24]
[83, -30]
[1, -23]
[83, -29]
[1, -24]
[83, -28]
[1, -25]
[84, -28]
[1, -26]
[84, -27]
[1, -27]
[84, -28]
[0, -27]
[85, -28]
[1, -27]
[84, -28]
[1, -26]
[84, -29]
[2, -26]
[84, -28]
[1, -26]
[84, -27]
[1, -27]
[85, -27]
[1, -26]
[84, -27]
[2, -26]
[84, -26]
[2, -27]
[85, -26]
[3, -27]
[86, -26]
[4, -27]
[85, -26]
[3, -27]
[85, -27]
[3, -28]
[85, -26]
[3, -27]
[85, -25]
[3, -28]
[85, -26]
[3, -27]
[86, -26]
[4, -27]
[87, -26]
[3, -27]
[87, -27]
[3, -28]
[87, -26]
[3, -29]
[88, -26]
[4, -29]
[88, -27]
[5, -29]
[87, -27]
[5, -28]
[87, -28]
[5, -27]
[87, -29]
[5, -28]
[88, -29]
[4, -28]
[87, -29]
[4, -27]
[87, -30]
[3, -27]
[86, -30]
[4, -27]
[86, -29]
[4, -26]
[85, -29]
[4, -27]
[86, -29]
[3, -27]
[86, -28]
[3, -28]
[87, -28]
[3, -29]
[87, -29]
[3, -30]
[86, -29]
[4, -30]
[85, -29]
[4, -29]
[85, -28]
[5, -29]
[84, -28]
[4, -29]
[84, -27]
[4, -30]
[85, -27]
[3, -30]
[86, -27]
[3, -29]
[85, -27]
[3, -28]
[85, -28]
[2, -28]
[85, -27]
[2, -27]
[84, -27]
[2, -26]
[84, -28]
[2, -27]
[84, -29]
[2, -28]
[84, -28]
[2, -27]
[85, -28]
[3, -27]
[86, -28]
[4, -27]
[86, -29]
[4, -28]
[87, -29]
[4, -29]
[88, -29]
[5, -29]
[89, -29]
[5, -30]
[88, -29]
[5, -31]
[88, -28]
[6, -31]
[87, -28]
[5, -31]
[86, -28]
[4, -31]
[86, -29]
[5, -31]
[87, -29]
[5, -32]
[87, -28]
[6, -32]
[86, -28]
[6, -33]
[87, -28]
[7, -33]
[87, -29]
[7, -34]
[87, -28]
[7, -35]
[86, -28]
[7, -36]
[86, -29]
[6, -36]
[87, -29]
[6, -37]
[87, -30]
[5, -37]
[88, -30]
[5, -38]
[88, -31]
[5, -39]
[89, -31]
[6, -39]
[90, -31]
[7, -39]
[89, -31]
[8, -39]
[90, -31]
[9, -39]
[89, -31]
[10, -39]
[89, -30]
[10, -40]
[88, -30]
[10, -41]
[88, -29]
[10, -42]
[89, -29]
[9, -42]
[89, -30]
[9, -43]
[89, -31]
[8, -43]
[88, -31]
[8, -44]
[88, -30]
[8, -43]
[88, -31]
[8, -42]
[88, -32]
[7, -42]
[89, -32]
[8, -42]
[90, -32]
[7, -42]
[91, -32]
[8, -42]
[91, -31]
[8, -43]
[91, -32]
[7, -43]
[90, -32]
[7, -44]
[89, -32]
[8, -44]
[88, -32]
[7, -44]
[88, -33]
[7, -45]
[87, -33]
[7, -46]
[87, -32]
[8, -46]
[87, -31]
[8, -45]
[87, -32]
[8, -46]
[88, -32]
[7, -46]
[88, -31]
[7, -47]
[88, -30]
[7, -48]
[87, -30]
[7, -49]
[87, -29]
[7, -50]
[87, -30]
[7, -51]
[87, -29]
[7, -52]
[88, -29]
[7, -53]
[88, -28]
[7, -52]
[88, -27]
[7, -53]
[88, -28]
[8, -53]
[88, -27]
[9, -53]
[87, -27]
[9, -52]
[87, -28]
[9, -53]
[87, -29]
[8, -53]
[86, -29]
[9, -53]
[86, -28]
[9, -54]
[86, -29]
[9, -55]
[86, -28]
[8, -55]
[86, -29]
[7, -55]
[86, -30]
[7, -54]
[86, -31]
[8, -54]
[87, -31]
[9, -54]
[88, -31]
[9, -53]
[87, -31]
[8, -53]
[86, -31]
[9, -53]
[85, -31]
[8, -53]
[84, -31]
[7, -53]
[83, -31]
[7, -52]
[83, -32]
[6, -52]
[83, -31]
[6, -51]
[84, -31]
[7, -51]
[85, -31]
[8, -51]
[85, -30]
[9, -51]
[85, -29]
[8, -51]
[85, -30]
[8, -50]
[85, -29]
[8, -49]
[85, -30]
[7, -49]
[85, -31]
[7, -50]
[85, -32]
[6, -50]
[85, -33]
[6, -51]
[85, -32]
[5, -51]
[86, -32]
[5, -52]
[85, -32]
[4, -52]
[84, -32]
[4, -51]
[83, -32]
[4, -50]
[84, -32]
[5, -50]
[84, -33]
[5, -49]
[83, -33]
[5, -50]
[84, -33]
[4, -50]
[83, -33]
[5, -50]
[82, -33]
[4, -50]
[82, -32]
[4, -49]
[82, -33]
[4, -50]
[82, -34]
[4, -49]
[83, -34]
[4, -50]
[82, -34]
[5, -50]
[83, -34]
[5, -49]
[83, -33]
[6, -49]
[83, -34]
[7, -49]
[83, -33]
[7, -50]
[84, -33]
[8, -50]
[84, -34]
[7, -50]
[84, -35]
[8, -50]
[83, -35]
[8, -51]
[84, -35]
[9, -51]
[85, -35]
[10, -51]
[85, -34]
[9, -51]
[85, -33]
[8, -51]
[85, -32]
[9, -51]
[85, -33]
[9, -50]
[85, -34]
[8, -50]
[85, -35]
[8, -51]
[84, -35]
[9, -51]
[84, -34]
[10, -51]
[85, -34]
[9, -51]
[86, -34]
[9, -50]
[85, -34]
[8, -50]
[85, -33]
[8, -51]
[85, -34]
[8, -52]
[85, -33]
[8, -51]
[84, -33]
[9, -51]
[84, -32]
[8, -51]
[84, -33]
[8, -52]
[84, -34]
[7, -52]
[85, -34]
[7, -53]
[85, -33]
[8, -53]
[85, -32]
[8, -52]
[84, -32]
[7, -52]
[84, -31]
[8, -52]
[84, -30]
[8, -53]
[84, -31]
[9, -53]
[83, -31]
[9, -54]
[83, -32]
[9, -55]
[84, -32]
[10, -55]
[84, -33]
[10, -54]
[84, -34]
[10, -53]
[85, -34]
[10, -54]
[86, -34]
[9, -54]
[86, -35]
[10, -54]
[86, -34]
[9, -54]
[86, -33]
[9, -53]
[85, -33]
[10, -53]
[85, -32]
[11, -53]
[85, -31]
[12, -53]
[86, -31]
[13, -53]
[86, -30]
[13, -52]
[86, -31]
[13, -53]
[86, -32]
[13, -52]
[85, -32]
[12, -52]
[86, -32]
[12, -53]
[86, -31]
[11, -53]
[85, -31]
[12, -53]
[86, -31]
[11, -53]
[87, -31]
[11, -54]
[86, -31]
[11, -53]
[85, -31]
[11, -52]
[86, -31]
[11, -53]
[86, -30]
[12, -53]
[86, -29]
[12, -54]
[86, -30]
[13, -54]
[85, -30]
[13, -55]
[84, -30]
[13, -54]
[83, -30]
[12, -54]
[82, -30]
[12, -53]
[82, -31]
[13, -53]
[82, -30]
[14, -53]
[83, -30]
[14, -52]
[82, -30]
[14, -51]
[82, -31]
[14, -50]
[81, -31]
[13, -50]
[80, -31]
[12, -50]
[80, -30]
[12, -51]
[80, -29]
[13, -51]
[79, -29]
[13, -52]
[79, -28]
[13, -53]
[80, -28]
[13, -54]
[80, -27]
[14, -54]
[79, -27]
[13, -54]
[79, -28]
[12, -54]
[80, -28]
[11, -54]
[79, -28]
[11, -55]
[79, -27]
[10, -55]
[78, -27]
[10, -54]
[77, -27]
[9, -54]
[77, -28]
[8, -54]
[76, -28]
[8, -55]
[77, -28]
[7, -55]
[77, -29]
[8, -55]
[76, -29]
[9, -55]
[75, -29]
[9, -54]
[75, -28]
[9, -53]
[75, -27]
[10, -53]
[75, -28]
[11, -53]
[75, -27]
[11, -52]
[74, -27]
[11, -53]
[75, -27]
[12, -53]
[75, -28]
[11, -53]
[75, -29]
[11, -54]
[75, -30]
[10, -54]
[74, -30]
[9, -54]
[75, -30]
[10, -54]
[74, -30]
[11, -54]
[75, -30]
[11, -53]
[76, -30]
[10, -53]
[75, -30]
[11, -53]
[74, -30]
[11, -52]
[73, -30]
[12, -52]
[74, -30]
[12, -51]
[74, -29]
[13, -51]
[74, -30]
[13, -52]
[73, -30]
[13, -51]
[74, -30]
[12, -51]
[74, -29]
[12, -52]
[74, -28]
[13, -52]
[73, -28]
[13, -53]
[73, -29]
[13, -54]
[74, -29]
[14, -54]
[75, -29]
[14, -55]
[75, -30]
[14, -56]
[74, -30]
[13, -56]
[74, -31]
[13, -57]
[74, -30]
[12, -57]
[74, -29]
[12, -56]
[74, -28]
[11, -56]
[74, -27]
[12, -56]
[74, -26]
[11, -56]
[75, -26]
[12, -56]
[75, -25]
[13, -56]
[76, -25]
[13, -55]
[76, -26]
[13, -54]
[75, -26]
[13, -53]
[75, -25]
[13, -54]
[76, -25]
[13, -53]
[75, -25]
[13, -54]
[74, -25]
[12, -54]
[75, -25]
[12, -53]
[75, -24]
[12, -54]
[74, -24]
[12, -53]
[74, -25]
[12, -54]
[74, -24]
[13, -54]
[73, -24]
[13, -55]
[73, -25]
[13, -56]
[74, -25]
[14, -56]
[74, -24]
[14, -57]
[75, -24]
[13, -57]
[74, -24]
[13, -56]
[73, -24]
[13, -57]
[73, -23]
[12, -57]
[74, -23]
[11, -57]
[75, -23]
[10, -57]
[76, -23]
[11, -57]
[76, -22]
[12, -57]
[76, -23]
[12, -58]
[75, -23]
[11, -58]
[76, -23]
[11, -57]
[76, -22]
[11, -56]
[76, -23]
[11, -55]
[76, -22]
[10, -55]
[76, -23]
[9, -55]
[77, -23]
[10, -55]
[76, -23]
[11, -55]
[77, -23]
[11, -56]
[77, -24]
[12, -56]
[77, -25]
[12, -55]
[78, -25]
[12, -56]
[78, -26]
[12, -57]
[78, -25]
[12, -56]
[78, -26]
[11, -56]
[78, -27]
[11, -57]
[77, -27]
[11, -56]
[76, -27]
[11, -55]
[77, -27]
[12, -55]
[77, -26]
[13, -55]
[78, -26]
[13, -54]
[79, -26]
[14, -54]
[79, -27]
[14, -53]
[78, -27]
[13, -53]
[77, -27]
[13, -54]
[77, -26]
[14, -54]
[77, -27]
[14, -53]
[76, -27]
[14, -52]
[76, -28]
[14, -51]
[76, -29]
[14, -52]
[76, -28]
[15, -52]
[75, -28]
[15, -51]
[74, -28]
[15, -50]
[74, -29]
[14, -50]
[73, -29]
[14, -51]
[72, -29]
[13, -51]
[73, -29]
[13, -52]
[74, -29]
[13, -51]
[74, -30]
[13, -50]
[73, -30]
[12, -50]
[72, -30]
[12, -51]
[72, -29]
[12, -52]
[72, -30]
[11, -52]
[72, -31]
[10, -52]
[71, -31]
[11, -52]
[71, -30]
[11, -51]
[70, -30]
[11, -52]
[71, -30]
[12, -52]
[72, -30]
[12, -51]
[71, -30]
[12, -52]
[70, -30]
[12, -51]
[71, -30]
[12, -50]
[71, -29]
[12, -51]
[70, -29]
[12, -52]
[71, -29]
[13, -52]
[72, -29]
[14, -52]
[71, -29]
[14, -53]
[71, -30]
[13, -53]
[71, -29]
[13, -52]
[70, -29]
[12, -52]
[71, -29]
[13, -52]
[70, -29]
[12, -52]
[70, -30]
[11, -52]
[70, -31]
[12, -52]
[70, -30]
[12, -51]
[70, -31]
[12, -50]
[71, -31]
[13, -50]
[71, -30]
[13, -49]
[72, -30]
[14, -49]
[72, -29]
[14, -50]
[72, -28]
[13, -50]
[72, -27]
[13, -51]
[73, -27]
[13, -52]
[73, -26]
[13, -53]
[73, -25]
[13, -54]
[73, -24]
[13, -55]
[73, -23]
[14, -55]
[73, -24]
[14, -54]
[73, -25]
[14, -55]
[72, -25]
[15, -55]
[71, -25]
[16, -55]
[71, -24]
[16, -54]
[70, -24]
[17, -54]
[70, -23]
[18, -54]
[69, -23]
[18, -53]
[69, -22]
[18, -52]
[68, -22]
[17, -52]
[67, -22]
[17, -51]
[66, -22]
[17, -52]
[67, -22]
[17, -53]
[66, -22]
[16, -53]
[67, -22]
[16, -52]
[66, -22]
[16, -51]
[66, -21]
[16, -50]
[66, -20]
[16, -49]
[66, -21]
[16, -48]
[65, -21]
[16, -47]
[64, -21]
[15, -47]
[64, -20]
[15, -46]
[65, -20]
[15, -45]
[65, -21]
[15, -46]
[64, -21]
[16, -46]
[64, -22]
[16, -45]
[65, -22]
[17, -45]
[64, -22]
[18, -45]
[65, -22]
[18, -44]
[66, -22]
[18, -45]
[67, -22]
[18, -46]
[66, -22]
[19, -46]
[66, -21]
[20, -46]
[66, -22]
[19, -46]
[66, -23]
[19, -45]
[67, -23]
[20, -45]
[68, -23]
[19, -45]
[69, -23]
[19, -44]
[68, -23]
[20, -44]
[67, -23]
[20, -45]
[68, -23]
[21, -45]
[69, -23]
[21, -44]
[70, -23]
[21, -43]
[71, -23]
[22, -43]
[71, -24]
[22, -42]
[72, -24]
[21, -42]
[72, -25]
[20, -42]
[73, -25]
[20, -43]
[74, -25]
[19, -43]
[74, -24]
[19, -44]
[74, -25]
[19, -43]
[75, -25]
[19, -44]
[74, -25]
[18, -44]
[74, -26]
[19, -44]
[74, -27]
[18, -44]
[75, -27]
[17, -44]
[74, -27]
[17, -45]
[74, -28]
[16, -45]
[73, -28]
[16, -46]
[74, -28]
[16, -45]
[75, -28]
[15, -45]
[75, -27]
[14, -45]
[75, -28]
[14, -44]
[76, -28]
[14, -45]
[75, -28]
[13, -45]
[75, -29]
[13, -44]
[75, -30]
[12, -44]
[74, -30]
[13, -44]
[73, -30]
[13, -45]
[74, -30]
[12, -45]
[75, -30]
[12, -46]
[74, -30]
[12, -47]
[75, -30]
[11, -47]
[76, -30]
[11, -46]
[76, -29]
[10, -46]
[76, -30]
[9, -46]
[77, -30]
[10, -46]
[76, -30]
[9, -46]
[77, -30]
[9, -47]
[78, -30]
[9, -48]
[78, -31]
[8, -48]
[77, -31]
[8, -49]
[78, -31]
[8, -48]
[78, -32]
[7, -48]
[78, -33]
[8, -48]
[78, -34]
[8, -49]
[79, -34]
[7, -49]
[80, -34]
[6, -49]
[81, -34]
[6, -50]
[81, -35]
[6, -49]
[80, -35]
[5, -49]
[81, -35]
[5, -48]
[82, -35]
[5, -47]
[81, -35]
[5, -46]
[82, -35]
[6, -46]
[83, -35]
[6, -45]
[83, -36]
[7, -45]
[83, -37]
[6, -45]
[83, -36]
[6, -46]
[83, -35]
[6, -45]
[83, -34]
[6, -46]
[83, -35]
[5, -46]
[84, -35]
[6, -46]
[85, -35]
[6, -45]
[84, -35]
[5, -45]
[84, -34]
[6, -45]
[85, -34]
[7, -45]
[84, -34]
[6, -45]
[84, -33]
[6, -44]
[84, -34]
[6, -43]
[85, -34]
[6, -44]
[85, -33]
[5, -44]
[85, -32]
[5, -45]
[86, -32]
[5, -46]
[86, -33]
[5, -47]
[87, -33]
[5, -48]
[87, -32]
[5, -47]
[87, -33]
[5, -48]
[88, -33]
[5, -47]
[88, -32]
[6, -47]
[89, -32]
[6, -48]
[88, -32]
[7, -48]
[88, -31]
[6, -48]
[87, -31]
[7, -48]
[87, -30]
[6, -48]
[88, -30]
[5, -48]
[88, -29]
[5, -47]
[88, -30]
[5, -46]
[89, -30]
[6, -46]
[88, -30]
[7, -46]
[88, -29]
[8, -46]
[88, -30]
[9, -46]
[89, -30]
[9, -45]
[89, -29]
[9, -44]
[88, -29]
[8, -44]
[88, -28]
[8, -43]
[88, -29]
[7, -43]
[89, -29]
[7, -42]
[89, -28]
[8, -42]
[89, -27]
[7, -42]
[90, -27]
[7, -41]
[91, -27]
[8, -41]
[90, -27]
[8, -40]
[91, -27]
[8, -39]
[91, -28]
[8, -40]
[91, -29]
[9, -40]
[90, -29]
[9, -39]
[91, -29]
[9, -38]
[90, -29]
[9, -37]
[91, -29]
[9, -36]
[92, -29]
[10, -36]
[92, -30]
[10, -37]
[91, -30]
[10, -36]
[92, -30]
[11, -36]
[92, -29]
[11, -37]
[93, -29]
[12, -37]
[93, -28]
[11, -37]
[94, -28]
[12, -37]
[94, -27]
[12, -36]
[95, -27]
[13, -36]
[96, -27]
[13, -37]
[96, -26]
[12, -37]
[96, -27]
[13, -37]
[97, -27]
[13, -38]
[96, -27]
[12, -38]
[96, -28]
[11, -38]
[96, -27]
[12, -38]
[97, -27]
[12, -39]
[97, -26]
[12, -38]
[97, -27]
[12, -39]
[98, -27]
[12, -40]
[99, -27]
[11, -40]
[99, -26]
[11, -41]
[99, -25]
[11, -40]
[100, -25]
[10, -40]
[100, -26]
[10, -41]
[100, -25]
[10, -42]
[99, -25]
[10, -41]
[100, -25]
[10, -42]
[99, -25]
[9, -42]
[100, -25]
[9, -43]
[100, -24]
[9, -42]
[99, -24]
[10, -42]
[98, -24]
[11, -42]
[98, -23]
[12, -42]
[98, -24]
[12, -43]
[98, -25]
[13, -43]
[97, -25]
[13, -42]
[97, -24]
[13, -41]
[98, -24]
[13, -40]
[98, -25]
[13, -39]
[99, -25]
[13, -40]
[100, -25]
[14, -40]
[100, -24]
[14, -41]
[100, -25]
[14, -42]
[99, -25]
[14, -41]
[99, -26]
[14, -42]
[100, -26]
[14, -41]
[100, -25]
[15, -41]
[100, -24]
[16, -41]
[101, -24]
[16, -42]
[100, -24]
[17, -42]
[101, -24]
[16, -42]
[100, -24]
[16, -41]
[100, -25]
[15, -41]
[99, -25]
[15, -42]
[99, -24]
[16, -42]
[99, -23]
[17, -42]
[98, -23]
[18, -42]
[98, -24]
[18, -43]
[98, -23]
[17, -43]
[97, -23]
[17, -42]
[97, -22]
[17, -43]
[97, -23]
[18, -43]
[96, -23]
[18, -44]
[97, -23]
[19, -44]
[97, -22]
[18, -44]
[97, -21]
[19, -44]
[96, -21]
[19, -43]
[95, -21]
[19, -44]
[96, -21]
[19, -43]
[96, -22]
[18, -43]
[96, -23]
[19, -43]
[96, -22]
[18, -43]
[95, -22]
[19, -43]
[95, -21]
[19, -44]
[95, -20]
[19, -43]
[96, -20]
[19, -44]
[96, -19]
[20, -44]
[97, -19]
[20, -43]
[97, -18]
[20, -42]
[96, -18]
[20, -41]
[96, -19]
[20, -42]
[97, -19]
[20, -43]
[97, -18]
[21, -43]
[98, -18]
[22, -43]
[98, -19]
[22, -44]
[97, -19]
[21, -44]
[98, -19]
[21, -45]
[99, -19]
[22, -45]
[100, -19]
[22, -44]
[101, -19]
[22, -45]
[101, -18]
[22, -44]
[100, -18]
[22, -45]
[100, -17]
[22, -46]
[100, -16]
[22, -45]
[100, -17]
[22, -44]
[101, -17]
[23, -44]
[101, -18]
[22, -44]
[101, -19]
[21, -44]
[100, -19]
[21, -45]
[101, -19]
[21, -44]
[100, -19]
[20, -44]
[101, -19]
[21, -44]
[101, -20]
[21, -45]
[100, -20]
[20, -45]
[100, -19]
[20, -46]
[101, -19]
[20, -47]
[100, -19]
[19, -47]
[100, -20]
[19, -48]
[99, -20]
[18, -48]
[99, -19]
[17, -48]
[99, -18]
[17, -49]
[98, -18]
[17, -48]
[97, -18]
[18, -48]
[96, -18]
[18, -47]
[96, -17]
[19, -47]
[96, -18]
[20, -47]
[97, -18]
[20, -48]
[98, -18]
[20, -49]
[98, -17]
[21, -49]
[99, -17]
[20, -49]
[99, -18]
[20, -50]
[98, -18]
[20, -49]
[98, -19]
[19, -49]
[98, -18]
[20, -49]
[98, -17]
[21, -49]
[99, -17]
[21, -50]
[100, -17]
[21, -49]
[101, -17]
[20, -49]
[100, -17]
[20, -48]
[99, -17]
[19, -48]
[100, -17]
[19, -47]
[100, -18]
[18, -47]
[100, -19]
[19, -47]
[101, -19]
[20, -47]
[100, -19]
[20, -46]
[100, -18]
[19, -46]
[100, -17]
[18, -46]
[99, -17]
[17, -46]
[99, -18]
[17, -45]
[99, -17]
[18, -45]
[99, -16]
[19, -45]
[99, -17]
[19, -46]
[98, -17]
[18, -46]
[99, -17]
[18, -45]
[98, -17]
[19, -45]
[98, -16]
[18, -45]
[98, -17]
[18, -44]
[97, -17]
[17, -44]
[97, -16]
[17, -45]
[98, -16]
[17, -46]
[98, -17]
[18, -46]
[98, -16]
[18, -45]
[98, -15]
[18, -46]
[97, -15]
[18, -45]
[97, -16]
[19, -45]
[96, -16]
[19, -46]
[95, -16]
[18, -46]
[94, -16]
[17, -46]
[93, -16]
[17, -47]
[93, -17]
[18, -47]
[93, -18]
[18, -48]
[94, -18]
[18, -47]
[94, -17]
[18, -46]
[94, -16]
[19, -46]
[94, -17]
[20, -46]
[94, -18]
[21, -46]
[93, -18]
[20, -46]
[93, -17]
[19, -46]
[92, -17]
[18, -46]
[92, -16]
[18, -47]
[92, -17]
[19, -47]
[91, -17]
[19, -46]
[90, -17]
[18, -46]
[89, -17]
[19, -46]
[88, -17]
[19, -47]
[89, -17]
[20, -47]
[88, -17]
[20, -48]
[88, -16]
[20, -49]
[89, -16]
[20, -50]
[88, -16]
[19, -50]
[88, -17]
[19, -49]
[88, -16]
[18, -49]
[88, -17]
[18, -48]
[89, -17]
[18, -49]
[90, -17]
[18, -48]
[90, -18]
[18, -47]
[90, -19]
[18, -46]
[89, -19]
[18, -45]
[88, -19]
[18, -44]
[88, -20]
[18, -45]
[89, -20]
[18, -46]
[89, -21]
[18, -47]
[88, -21]
[18, -46]
[88, -20]
[18, -47]
[87, -20]
[19, -47]
[87, -21]
[18, -47]
[86, -21]
[17, -47]
[85, -21]
[18, -47]
[85, -22]
[17, -47]
[85, -23]
[17, -46]
[84, -23]
[17, -47]
[84, -24]
[17, -48]
[84, -23]
[17, -47]
[84, -22]
[16, -47]
[83, -22]
[16, -46]
[82, -22]
[16, -45]
[81, -22]
[15, -45]
[82, -22]
[15, -44]
[81, -22]
[14, -44]
[82, -22]
[13, -44]
[81, -22]
[12, -44]
[82, -22]
[12, -45]
[81, -22]
[12, -44]
[82, -22]
[12, -43]
[82, -21]
[12, -44]
[81, -21]
[12, -43]
[81, -20]
[12, -44]
[81, -19]
[13, -44]
[81, -20]
[13, -45]
[82, -20]
[13, -46]
[82, -21]
[13, -47]
[83, -21]
[13, -48]
[84, -21]
[12, -48]
[84, -22]
[12, -47]
[84, -21]
[11, -47]
[83, -21]
[12, -47]
[84, -21]
[12, -46]
[85, -21]
[11, -46]
[85, -20]
[12, -46]
[86, -20]
[12, -47]
[85, -20]
[11, -47]
[85, -21]
[11, -48]
[86, -21]
[11, -49]
[85, -21]
[10, -49]
[85, -20]
[10, -48]
[85, -19]
[10, -49]
[84, -19]
[9, -49]
[84, -18]
[9, -50]
[84, -17]
[9, -49]
[85, -17]
[8, -49]
[86, -17]
[7, -49]
[85, -17]
[6, -49]
[86, -17]
[5, -49]
[85, -17]
[6, -49]
[85, -18]
[7, -49]
[85, -17]
[6, -49]
[84, -17]
[7, -49]
[84, -18]
[6, -49]
[83, -18]
[5, -49]
[83, -17]
[5, -50]
[84, -17]
[6, -50]
[83, -17]
[6, -51]
[83, -16]
[6, -52]
[82, -16]
[6, -51]
[82, -17]
[5, -51]
[82, -18]
[5, -50]
[82, -19]
[5, -51]
[83, -19]
[5, -52]
[84, -19]
[6, -52]
[83, -19]
[5, -52]
[83, -18]
[4, -52]
[84, -18]
[3, -52]
[84, -17]
[3, -53]
[84, -16]
[3, -52]
[84, -17]
[2, -52]
[84, -18]
[3, -52]
[84, -17]
[4, -52]
[84, -16]
[5, -52]
[84, -17]
[5, -53]
[84, -18]
[5, -54]
[83, -18]
[4, -54]
[84, -18]
[3, -54]
[83, -18]
[4, -54]
[84, -18]
[4, -53]
[83, -18]
[4, -54]
[83, -19]
[5, -54]
[83, -18]
[5, -53]
[84, -18]
[4, -53]
[84, -19]
[3, -53]
[85, -19]
[3, -54]
[86, -19]
[3, -55]
[85, -19]
[3, -56]
[85, -18]
[3, -55]
[86, -18]
[3, -54]
[87, -18]
[2, -54]
[88, -18]
[3, -54]
[89, -18]
[2, -54]
[89, -17]
[3, -54]
[88, -17]
[2, -54]
[89, -17]
[1, -54]
[88, -17]
[0, -54]
[88, -16]
[-1, -54]
[89, -16]
[-1, -55]
[89, -15]
[0, -55]
[88, -15]
[0, -56]
[88, -16]
[0, -55]
[88, -15]
[0, -54]
[88, -14]
[1, -54]
[89, -14]
[1, -53]
[89, -15]
[1, -52]
[90, -15]
[1, -53]
[90, -14]
[0, -53]
[91, -14]
[1, -53]
[91, -15]
[2, -53]
[91, -14]
[2, -52]
[92, -14]
[1, -52]
[92, -13]
[0, -52]
[92, -12]
[0, -53]
[92, -11]
[-1, -53]
[92, -12]
[-1, -52]
[93, -12]
[0, -52]
[93, -13]
[1, -52]
[93, -12]
[1, -53]
[93, -13]
[1, -54]
[92, -13]
[2, -54]
[93, -13]
[2, -55]
[92, -13]
[2, -56]
[92, -12]
[2, -57]
[93, -12]
[1, -57]
[94, -12]
[1, -56]
[94, -13]
[1, -57]
[94, -14]
[1, -58]
[93, -14]
[1, -59]
[93, -13]
[0, -59]
[92, -13]
[0, -60]
[92, -12]
[-1, -60]
[91, -12]
[-1, -59]
[91, -11]
[-1, -60]
[91, -12]
[0, -60]
[92, -12]
[-1, -60]
[91, -12]
[-2, -60]
[90, -12]
[-3, -60]
[89, -12]
[-3, -61]
[90, -12]
[-4, -61]
[89, -12]
[-5, -61]
[89, -13]
[-6, -61]
[89, -14]
[-6, -60]
[89, -15]
[-6, -59]
[89, -14]
[-7, -59]
[89, -15]
[-7, -58]
[89, -14]
[-8, -58]
[90, -14]
[-8, -59]
[89, -14]
[-9, -59]
[88, -14]
[-10, -59]
[88, -13]
[-10, -60]
[87, -13]
[-11, -60]
[88, -13]
[-12, -60]
[87, -13]
[-12, -61]
[87, -12]
[-13, -61]
[87, -11]
[-12, -61]
[86, -11]
[-12, -62]
[85, -11]
[-12, -63]
[85, -12]
[-13, -63]
[85, -13]
[-13, -62]
[85, -14]
[-13, -61]
[84, -14]
[-13, -62]
[84, -13]
[-13, -61]
[84, -14]
[-13, -62]
[83, -14]
[-13, -63]
[83, -13]
[-13, -64]
[82, -13]
[-14, -64]
[81, -13]
[-13, -64]
[81, -12]
[-14, -64]
[80, -12]
[-13, -64]
[80, -13]
[-13, -65]
[79, -13]
[-13, -66]
[78, -13]
[-13, -65]
[79, -13]
[-13, -64]
[78, -13]
[-14, -64]
[79, -13]
[-15, -64]
[79, -14]
[-15, -65]
[78, -14]
[-16, -65]
[78, -15]
[-16, -66]
[77, -15]
[-16, -67]
[76, -15]
[-16, -66]
[75, -15]
[-16, -65]
[74, -15]
[-15, -65]
[75, -15]
[-16, -65]
[75, -14]
[-16, -64]
[74, -14]
[-17, -64]
[75, -14]
[-16, -64]
[76, -14]
[-16, -65]
[76, -15]
[-15, -65]
[77, -15]
[-14, -65]
[78, -15]
[-13, -65]
[79, -15]
[-13, -64]
[79, -16]
[-14, -64]
[79, -17]
[-15, -64]
[80, -17]
[-14, -64]
[80, -18]
[-14, -63]
[80, -19]
[-14, -62]
[80, -18]
[-15, -62]
[80, -19]
[-15, -61]
[79, -19]
[-16, -61]
[78, -19]
[-17, -61]
[79, -19]
[-16, -61]
[78, -19]
[-17, -61]
[78, -18]
[-17, -62]
[78, -17]
[-17, -61]
[78, -16]
[-18, -61]
[79, -16]
[-18, -60]
[78, -16]
[-18, -61]
[78, -17]
[-17, -61]
[79, -17]
[-16, -61]
[80, -17]
[-17, -61]
[81, -17]
[-17, -62]
[81, -16]
[-17, -63]
[81, -15]
[-17, -64]
[81, -16]
[-17, -65]
[81, -15]
[-16, -65]
[82, -15]
[-16, -66]
[83, -15]
[-15, -66]
[82, -15]
[-15, -67]
[82, -14]
[-15, -68]
[81, -14]
[-16, -68]
[80, -14]
[-16, -67]
[80, -15]
[-15, -67]
[81, -15]
[-15, -66]
[81, -14]
[-16, -66]
[80, -14]
[-16, -65]
[80, -13]
[-16, -66]
[80, -14]
[-15, -66]
[79, -14]
[-16, -66]
[78, -14]
[-16, -65]
[78, -13]
[-16, -64]
[77, -13]
[-17, -64]
[76, -13]
[-17, -65]
[77, -13]
[-18, -65]
[77, -12]
[-18, -64]
[78, -12]
[-17, -64]
[79, -12]
[-16, -64]
[79, -13]
[-16, -65]
[79, -14]
[-16, -64]
[79, -15]
[-17, -64]
[79, -14]
[-16, -64]
[79, -13]
[-16, -63]
[80, -13]
[-16, -64]
[79, -13]
[-16, -63]
[78, -13]
[-15, -63]
[77, -13]
[-15, -64]
[77, -14]
[-16, -64]
[77, -15]
[-17, -64]
[78, -15]
[-17, -65]
[79, -15]
[-16, -65]
[80, -15]
[-16, -64]
[80, -16]
[-16, -65]
[79, -16]
[-17, -65]
[79, -15]
[-18, -65]
[79, -16]
[-17, -65]
[79, -15]
[-17, -66]
[79, -14]
[-16, -66]
[79, -13]
[-15, -66]
[79, -12]
[-15, -67]
[80, -12]
[-15, -68]
[81, -12]
[-15, -69]
[81, -11]
[-15, -70]
[81, -10]
[-14, -70]
[81, -11]
[-15, -70]
[80, -11]
[-15, -71]
[81, -11]
[-14, -71]
[80, -11]
[-13, -71]
[81, -11]
[-14, -71]
[81, -12]
[-14, -70]
[81, -11]
[-15, -70]
[80, -11]
[-15, -69]
[81, -11]
[-14, -69]
[82, -11]
[-13, -69]
[81, -11]
[-14, -69]
[81, -10]
[-14, -70]
[81, -9]
[-15, -70]
[82, -9]
[-15, -69]
[82, -10]
[-16, -69]
[82, -11]
[-16, -70]
[83, -11]
[-17, -70]
[84, -11]
[-17, -71]
[84, -12]
[-17, -72]
[84, -11]
[-16, -72]
[84, -12]
[-15, -72]
[84, -13]
[-16, -72]
[84, -14]
[-17, -72]
[84, -15]
[-17, -71]
[85, -15]
[-17, -70]
[84, -15]
[-16, -70]
[83, -15]
[-15, -70]
[82, -15]
[-14, -70]
[82, -14]
[-13, -70]
[83, -14]
[-12, -70]
[82, -14]
[-12, -71]
[81, -14]
[-13, -71]
[80, -14]
[-13, -72]
[80, -13]
[-13, -73]
[80, -14]
[-12, -73]
[79, -14]
[-11, -73]
[79, -13]
[-10, -73]
[79, -12]
[-10, -72]
[78, -12]
[-11, -72]
[78, -13]
[-11, -71]
[79, -13]
[-10, -71]
[79, -14]
[-10, -70]
[79, -13]
[-9, -70]
[79, -12]
[-10, -70]
[79, -13]
[-9, -70]
[80, -13]
[-10, -70]
[81, -13]
[-9, -70]
[80, -13]
[-8, -70]
[80, -14]
[-8, -69]
[80, -15]
[-8, -68]
[80, -14]
[-8, -69]
[81, -14]
[-7, -69]
[82, -14]
[-6, -69]
[82, -15]
[-6, -70]
[83, -15]
[-5, -70]
[83, -14]
[-5, -71]
[82, -14]
[-6, -71]
[82, -13]
[-6, -72]
[82, -12]
[-7, -72]
[83, -12]
[-7, -71]
[84, -12]
[-7, -72]
[84, -11]
[-7, -71]
[85, -11]
[-7, -70]
[85, -10]
[-8, -70]
[84, -10]
[-8, -71]
[84, -11]
[-8, -72]
[84, -12]
[-8, -73]
[84, -13]
[-8, -74]
[85, -13]
[-8, -73]
[84, -13]
[-8, -74]
[84, -12]
[-9, -74]
[83, -12]
[-9, -73]
[82, -12]
[-10, -73]
[83, -12]
[-9, -73]
[82, -12]
[-10, -73]
[81, -12]
[-10, -72]
[81, -11]
[-10, -71]
[81, -12]
[-10, -70]
[81, -11]
[-10, -69]
[81, -10]
[-10, -70]
[80, -10]
[-10, -69]
[79, -10]
[-9, -69]
[79, -11]
[-10, -69]
[79, -10]
[-10, -68]
[78, -10]
[-9, -68]
[78, -11]
[-9, -69]
[78, -10]
[-9, -68]
[78, -11]
[-9, -67]
[77, -11]
[-8, -67]
[77, -10]
[-9, -67]
[76, -10]
[-9, -66]
[77, -10]
[-8, -66]
[77, -11]
[-7, -66]
[77, -12]
[-8, -66]
[76, -12]
[-9, -66]
[76, -11]
[-9, -65]
[76, -10]
[-9, -64]
[76, -11]
[-9, -65]
[76, -12]
[-9, -64]
[75, -12]
[-9, -63]
[74, -12]
[-8, -63]
[73, -12]
[-7, -63]
[73, -13]
[-8, -63]
[72, -13]
[-8, -64]
[72, -12]
[-9, -64]
[72, -11]
[-10, -64]
[73, -11]
[-9, -64]
[74, -11]
[-10, -64]
[73, -11]
[-9, -64]
[72, -11]
[-10, -64]
[71, -11]
[-10, -65]
[70, -11]
[-10, -66]
[69, -11]
[-10, -67]
[70, -11]
[-11, -67]
[70, -12]
[-11, -68]
[71, -12]
[-11, -67]
[71, -11]
[-12, -67]
[71, -12]
[-12, -68]
[70, -12]
[-13, -68]
[70, -13]
[-13, -69]
[69, -13]
[-14, -69]
[68, -13]
[-14, -70]
[67, -13]
[-14, -69]
[68, -13]
[-14, -68]
[68, -12]
[-14, -69]
[68, -13]
[-15, -69]
[68, -14]
[-16, -69]
[69, -14]
[-15, -69]
[68, -14]
[-16, -69]
[69, -14]
[-15, -69]
[70, -14]
[-15, -68]
[70, -15]
[-16, -68]
[69, -15]
[-15, -68]
[69, -14]
[-14, -68]
[70, -14]
[-13, -68]
[70, -15]
[-13, -67]
[71, -15]
[-13, -68]
[72, -15]
[-13, -67]
[72, -14]
[-14, -67]
[73, -14]
[-14, -66]
[72, -14]
[-14, -67]
[72, -15]
[-15, -67]
[73, -15]
[-16, -67]
[73, -14]
[-15, -67]
[73, -15]
[-14, -67]
[73, -14]
[-13, -67]
[74, -14]
[-12, -67]
[75, -14]
[-13, -67]
[76, -14]
[-13, -66]
[76, -13]
[-12, -66]
[76, -14]
[-12, -65]
[76, -13]
[-12, -66]
[77, -13]
[-12, -65]
[77, -14]
[-12, -66]
[77, -13]
[-12, -65]
[77, -14]
[-12, -64]
[78, -14]
[-13, -64]
[77, -14]
[-14, -64]
[78, -14]
[-13, -64]
[78, -15]
[-14, -64]
[79, -15]
[-14, -65]
[78, -15]
[-14, -66]
[78, -16]
[-15, -66]
[78, -17]
[-15, -67]
[78, -16]
[-15, -68]
[78, -15]
[-15, -69]
[77, -15]
[-15, -68]
[77, -16]
[-15, -67]
[76, -16]
[-15, -66]
[76, -15]
[-14, -66]
[75, -15]
[-15, -66]
[74, -15]
[-14, -66]
[73, -15]
[-14, -67]
[73, -16]
[-14, -66]
[73, -15]
[-13, -66]
[73, -14]
[-14, -66]
[73, -13]
[-15, -66]
[72, -13]
[-14, -66]
[72, -14]
[-13, -66]
[73, -14]
[-12, -66]
[74, -14]
[-12, -65]
[73, -14]
[-13, -65]
[73, -15]
[-12, -65]
[73, -16]
[-13, -65]
[73, -17]
[-12, -65]
[73, -18]
[-12, -66]
[72, -18]
[-12, -65]
[73, -18]
[-13, -65]
[73, -17]
[-14, -65]
[73, -18]
[-13, -65]
[72, -18]
[-14, -65]
[72, -17]
[-13, -65]
[72, -18]
[-12, -65]
[73, -18]
[-12, -66]
[74, -18]
[-13, -66]
[73, -18]
[-13, -67]
[72, -18]
[-14, -67]
[72, -17]
[-14, -68]
[72, -16]
[-15, -68]
[73, -16]
[-14, -68]
[73, -15]
[-13, -68]
[74, -15]
[-12, -68]
[74, -14]
[-12, -69]
[74, -13]
[-12, -70]
[75, -13]
[-12, -71]
[75, -12]
[-12, -70]
[75, -13]
[-12, -71]
[75, -12]
[-11, -71]
[75, -11]
[-12, -71]
[75, -10]
[-12, -70]
[76, -10]
[-11, -70]
[76, -9]
[-10, -70]
[75, -9]
[-10, -69]
[75, -10]
[-10, -70]
[75, -9]
[-10, -69]
[75, -10]
[-10, -70]
[75, -9]
[-11, -70]
[76, -9]
[-10, -70]
[76, -8]
[-10, -69]
[76, -7]
[-10, -68]
[75, -7]
[-10, -67]
[75, -6]
[-9, -67]
[74, -6]
[-8, -67]
[73, -6]
[-8, -68]
[72, -6]
[-7, -68]
[73, -6]
[-7, -67]
[74, -6]
[-6, -67]
[74, -5]
[-5, -67]
[73, -5]
[-5, -68]
[73, -6]
[-5, -67]
[74, -6]
[-5, -66]
[74, -7]
[-5, -67]
[74, -8]
[-6, -67]
[74, -7]
[-7, -67]
[73, -7]
[-7, -68]
[73, -6]
[-7, -67]
[72, -6]
[-8, -67]
[71, -6]
[-7, -67]
[71, -5]
[-6, -67]
[70, -5]
[-5, -67]
[71, -5]
[-4, -67]
[71, -4]
[-4, -66]
[70, -4]
[-3, -66]
[69, -4]
[-3, -67]
[68, -4]
[-3, -68]
[67, -4]
[-2, -68]
[66, -4]
[-3, -68]
[66, -5]
[-3, -67]
[66, -4]
[-3, -66]
[66, -3]
[-3, -65]
[65, -3]
[-3, -64]
[64, -3]
[-3, -63]
[63, -3]
[-4, -63]
[64, -3]
[-3, -63]
[63, -3]
[-4, -63]
[64, -3]
[-3, -63]
[65, -3]
[-2, -63]
[65, -2]
[-3, -63]
[64, -2]
[-2, -63]
[65, -2]
[-1, -63]
[65, -1]
[-2, -63]
[65, 0]
[-2, -64]
[65, 1]
[-1, -64]
[66, 1]
[-2, -64]
[65, 1]
[-2, -63]
[66, 1]
[-1, -63]
[67, 1]
[-1, -62]
[66, 1]
[-2, -62]
[66, 0]
[-1, -62]
[66, 1]
[0, -62]
[67, 1]
[-1, -62]
[68, 1]
[-1, -61]
[67, 1]
[-1, -62]
[68, 1]
[-1, -61]
[67, 1]
[0, -61]
[66, 1]
[0, -62]
[67, 1]
[0, -61]
[67, 0]
[0, -60]
[67, 1]
[0, -61]
[67, 0]
[-1, -61]
[68, 0]
[-2, -61]
[68, 1]
[-1, -61]
[68, 0]
[-1, -62]
[68, 1]
[-1, -61]
[68, 0]
[-1, -60]
[67, 0]
[-1, -59]
[67, 1]
[-1, -58]
[67, 0]
[-1, -57]
[67, -1]
[-1, -58]
[67, -2]
[-1, -57]
[68, -2]
[0, -57]
[67, -2]
[1, -57]
[68, -2]
[1, -58]
[67, -2]
[0, -58]
[67, -3]
[0, -59]
[66, -3]
[1, -59]
[67, -3]
[1, -58]
[66, -3]
[1, -57]
[66, -4]
[1, -58]
[66, -5]
[0, -58]
[65, -5]
[0, -57]
[65, -4]
[1, -57]
[64, -4]
[1, -58]
[64, -5]
[1, -59]
[64, -4]
[1, -58]
[63, -4]
[1, -59]
[62, -4]
[2, -59]
[62, -5]
[2, -60]
[62, -4]
[2, -59]
[61, -4]
[1, -59]
[62, -4]
[2, -59]
[61, -4]
[2, -60]
[62, -4]
[3, -60]
[61, -4]
[3, -59]
[61, -3]
[3, -60]
[61, -4]
[3, -61]
[60, -4]
[2, -61]
[59, -4]
[2, -60]
[60, -4]
[2, -59]
[59, -4]
[3, -59]
[58, -4]
[3, -58]
[59, -4]
[3, -59]
[59, -5]
[3, -58]
[60, -5]
[2, -58]
[60, -4]
[1, -58]
[59, -4]
[2, -58]
[59, -5]
[2, -59]
[58, -5]
[1, -59]
[58, -6]
[2, -59]
[59, -6]
[2, -60]
[59, -7]
[3, -60]
[59, -8]
[4, -60]
[59, -9]
[4, -59]
[58, -9]
[4, -60]
[58, -10]
[5, -60]
[57, -10]
[5, -61]
[57, -11]
[6, -61]
[56, -11]
[5, -61]
[57, -11]
[5, -60]
[57, -10]
[5, -59]
[57, -9]
[5, -60]
[57, -8]
[5, -59]
[57, -7]
[5, -58]
[56, -7]
[5, -59]
[57, -7]
[5, -58]
[56, -7]
[4, -58]
[56, -6]
[5, -58]
[55, -6]
[6, -58]
[54, -6]
[6, -57]
[54, -5]
[6, -58]
[54, -4]
[7, -58]
[54, -5]
[8, -58]
[54, -4]
[9, -58]
[55, -4]
[8, -58]
[55, -3]
[9, -58]
[54, -3]
[8, -58]
[55, -3]
[8, -59]
[55, -2]
[7, -59]
[55, -3]
[8, -59]
[56, -3]
[9, -59]
[56, -2]
[9, -60]
[56, -3]
[9, -61]
[57, -3]
[10, -61]
[57, -2]
[9, -61]
[57, -1]
[8, -61]
[58, -1]
[8, -60]
[58, 0]
[8, -61]
[58, 1]
[8, -62]
[58, 0]
[8, -61]
[58, 1]
[8, -62]
[59, 1]
[7, -62]
[58, 1]
[7, -63]
[58, 0]
[7, -62]
[57, 0]
[8, -62]
[58, 0]
[9, -62]
[58, -1]
[8, -62]
[57, -1]
[7, -62]
[58, -1]
[7, -63]
[59, -1]
[7, -62]
[58, -1]
[8, -62]
[58, -2]
[7, -62]
[57, -2]
[8, -62]
[57, -3]
[8, -61]
[58, -3]
[8, -60]
[57, -3]
[7, -60]
[58, -3]
[6, -60]
[57, -3]
[7, -60]
[56, -3]
[7, -61]
[55, -3]
[7, -62]
[54, -3]
[7, -63]
[53, -3]
[8, -63]
[53, -4]
[8, -62]
[54, -4]
[8, -63]
[53, -4]
[9, -63]
[52, -4]
[9, -62]
[52, -3]
[10, -62]
[52, -2]
[9, -62]
[52, -1]
[9, -63]
[52, 0]
[9, -62]
[53, 0]
[8, -62]
[53, 1]
[9, -62]
[53, 0]
[9, -63]
[54, 0]
[9, -62]
[55, 0]
[9, -63]
[55, -1]
[8, -63]
[55, -2]
[7, -63]
[55, -1]
[7, -64]
[56, -1]
[7, -65]
[56, -2]
[8, -65]
[56, -1]
[8, -64]
[57, -1]
[7, -64]
[56, -1]
[8, -64]
[56, -2]
[8, -65]
[56, -1]
[9, -65]
[56, 0]
[9, -66]
[55, 0]
[8, -66]
[55, 1]
[7, -66]
[54, 1]
[7, -65]
[53, 1]
[6, -65]
[54, 1]
[6, -66]
[53, 1]
[6, -67]
[52, 1]
[6, -66]
[51, 1]
[6, -67]
[52, 1]
[6, -68]
[53, 1]
[7, -68]
[53, 2]
[8, -68]
[52, 2]
[8, -69]
[52, 3]
[8, -68]
[52, 2]
[8, -67]
[52, 1]
[9, -67]
[53, 1]
[10, -67]
[54, 1]
[9, -67]
[54, 0]
[9, -66]
[54, -1]
[9, -65]
[53, -1]
[8, -65]
[52, -1]
[8, -66]
[52, -2]
[7, -66]
[51, -2]
[7, -65]
[51, -1]
[6, -65]
[52, -1]
[7, -65]
[52, -2]
[7, -64]
[52, -3]
[6, -64]
[52, -2]
[6, -65]
[53, -2]
[6, -66]
[54, -2]
[6, -65]
[54, -1]
[6, -64]
[54, -2]
[5, -64]
[54, -3]
[6, -64]
[53, -3]
[6, -65]
[53, -2]
[6, -64]
[53, -1]
[6, -65]
[53, -2]
[5, -65]
[54, -2]
[5, -66]
[54, -1]
[5, -67]
[53, -1]
[5, -66]
[52, -1]
[6, -66]
[52, -2]
[7, -66]
[51, -2]
[8, -66]
[50, -2]
[8, -67]
[50, -1]
[7, -67]
[51, -1]
[8, -67]
[51, -2]
[8, -68]
[52, -2]
[8, -69]
[53, -2]
[7, -69]
[54, -2]
[7, -70]
[55, -2]
[7, -69]
[55, -3]
[6, -69]
[56, -3]
[5, -69]
[55, -3]
[4, -69]
[54, -3]
[3, -69]
[53, -3]
[3, -70]
[52, -3]
[4, -70]
[53, -3]
[4, -71]
[53, -2]
[4, -72]
[53, -3]
[3, -72]
[52, -3]
[2, -72]
[51, -3]
[2, -73]
[50, -3]
[1, -73]
[50, -4]
[2, -73]
[49, -4]
[2, -72]
[48, -4]
[3, -72]
[48, -3]
[4, -72]
[49, -3]
[3, -72]
[50, -3]
[3, -71]
[50, -2]
[3, -72]
[50, -3]
[4, -72]
[50, -2]
[3, -72]
[50, -1]
[2, -72]
[49, -1]
[3, -72]
[49, -2]
[3, -73]
[50, -2]
[4, -73]
[50, -3]
[4, -74]
[49, -3]
[4, -75]
[49, -4]
[4, -76]
[50, -4]
[5, -76]
[49, -4]
[6, -76]
[48, -4]
[6, -77]
[47, -4]
[7, -77]
[48, -4]
[6, -77]
[48, -3]
[5, -77]
[48, -4]
[6, -77]
[48, -3]
[7, -77]
[47, -3]
[7, -76]
[46, -3]
[6, -76]
[46, -4]
[7, -76]
[47, -4]
[6, -76]
[47, -5]
[7, -76]
[46, -5]
[7, -77]
[47, -5]
[7, -76]
[46, -5]
[7, -77]
[47, -5]
[8, -77]
[46, -5]
[9, -77]
[46, -6]
[9, -76]
[46, -5]
[9, -75]
[46, -4]
[9, -76]
[45, -4]
[9, -77]
[45, -3]
[9, -76]
[45, -4]
[8, -76]
[46, -4]
[8, -75]
[46, -3]
[8, -76]
[46, -4]
[7, -76]
[47, -4]
[7, -77]
[46, -4]
[8, -77]
[46, -5]
[9, -77]
[46, -4]
[9, -78]
[46, -5]
[9, -77]
[47, -5]
[8, -77]
[47, -6]
[8, -76]
[46, -6]
[7, -76]
[46, -5]
[6, -76]
[47, -5]
[6, -75]
[46, -5]
[7, -75]
[46, -4]
[7, -74]
[46, -3]
[8, -74]
[46, -4]
[8, -73]
[47, -4]
[9, -73]
[48, -4]
[9, -74]
[49, -4]
[8, -74]
[48, -4]
[8, -73]
[49, -4]
[9, -73]
[49, -5]
[8, -73]
[49, -4]
[8, -74]
[48, -4]
[9, -74]
[48, -3]
[9, -73]
[47, -3]
[9, -74]
[46, -3]
[10, -74]
[45, -3]
[10, -75]
[45, -2]
[10, -76]
[44, -2]
[10, -77]
[45, -2]
[10, -78]
[44, -2]
[11, -78]
[43, -2]
[11, -79]
[42, -2]
[11, -80]
[42, -3]
[12, -80]
[41, -3]
[11, -80]
[42, -3]
[11, -81]
[41, -3]
[11, -80]
[40, -3]
[11, -79]
[41, -3]
[11, -80]
[40, -3]
[12, -80]
[40, -4]
[12, -79]
[41, -4]
[12, -80]
[42, -4]
[12, -79]
[42, -3]
[11, -79]
[41, -3]
[10, -79]
[41, -2]
[10, -78]
[41, -3]
[10, -79]
[41, -2]
[9, -79]
[42, -2]
[8, -79]
[41, -2]
[7, -79]
[42, -2]
[8, -79]
[42, -3]
[9, -79]
[42, -2]
[9, -78]
[41, -2]
[10, -78]
[41, -3]
[11, -78]
[42, -3]
[12, -78]
[43, -3]
[11, -78]
[43, -4]
[10, -78]
[43, -5]
[9, -78]
[43, -4]
[9, -77]
[43, -3]
[9, -78]
[42, -3]
[9, -79]
[41, -3]
[9, -80]
[41, -2]
[10, -80]
[40, -2]
[9, -80]
[41, -2]
[9, -81]
[41, -1]
[9, -82]
[40, -1]
[10, -82]
[40, -2]
[11, -82]
[41, -2]
[10, -82]
[40, -2]
[9, -82]
[39, -2]
[9, -83]
[39, -1]
[8, -83]
[40, -1]
[7, -83]
[40, 0]
[6, -83]
[39, 0]
[6, -82]
[40, 0]
[6, -81]
[39, 0]
[6, -82]
[39, -1]
[6, -83]
[38, -1]
[6, -84]
[38, 0]
[6, -83]
[38, -1]
[7, -83]
[39, -1]
[7, -84]
[39, 0]
[7, -85]
[39, -1]
[7, -84]
[40, -1]
[6, -84]
[40, 0]
[6, -85]
[40, 1]
[6, -84]
[39, 1]
[7, -84]
[39, 2]
[7, -83]
[40, 2]
[6, -83]
[39, 2]
[6, -84]
[39, 3]
[7, -84]
[40, 3]
[7, -85]
[40, 2]
[8, -85]
[40, 3]
[7, -85]
[40, 2]
[7, -84]
[40, 1]
[7, -85]
[39, 1]
[7, -84]
[39, 2]
[7, -85]
[38, 2]
[8, -85]
[39, 2]
[8, -86]
[39, 1]
[8, -87]
[38, 1]
[8, -86]
[38, 0]
[8, -85]
[39, 0]
[9, -85]
[39, 1]
[8, -85]
[39, 0]
[7, -85]
[39, -1]
[8, -85]
[40, -1]
[8, -84]
[41, -1]
[8, -83]
[41, 0]
[7, -83]
[40, 0]
[7, -82]
[41, 0]
[7, -81]
[42, 0]
[7, -80]
[42, -1]
[8, -80]
[41, -1]
[9, -80]
[42, -1]
[9, -79]
[41, -1]
[9, -78]
[41, 0]
[9, -79]
[42, 0]
[9, -78]
[43, 0]
[10, -78]
[43, 1]
[10, -77]
[42, 1]
[11, -77]
[41, 1]
[12, -77]
[42, 1]
[13, -77]
[42, 2]
[13, -76]
[43, 2]
[13, -75]
[43, 3]
[13, -76]
[43, 2]
[13, -77]
[44, 2]
[13, -78]
[43, 2]
[13, -77]
[43, 3]
[12, -77]
[44, 3]
[12, -78]
[44, 4]
[12, -79]
[44, 5]
[12, -78]
[43, 5]
[12, -79]
[42, 5]
[11, -79]
[42, 6]
[10, -79]
[42, 5]
[10, -78]
[42, 4]
[10, -77]
[41, 4]
[9, -77]
[42, 4]
[9, -78]
[42, 5]
[9, -79]
[41, 5]
[9, -80]
[40, 5]
[8, -80]
[40, 4]
[7, -80]
[41, 4]
[8, -80]
[42, 4]
[7, -80]
[41, 4]
[7, -79]
[41, 5]
[7, -78]
[42, 5]
[8, -78]
[42, 4]
[9, -78]
[42, 5]
[9, -79]
[42, 4]
[10, -79]
[42, 5]
[11, -79]
[42, 6]
[11, -78]
[42, 5]
[10, -78]
[43, 5]
[10, -77]
[43, 6]
[9, -77]
[44, 6]
[9, -78]
[44, 7]
[9, -77]
[43, 7]
[10, -77]
[42, 7]
[10, -78]
[41, 7]
[10, -79]
[40, 7]
[10, -80]
[40, 6]
[10, -81]
[40, 7]
[9, -81]
[40, 6]
[9, -82]
[39, 6]
[8, -82]
[40, 6]
[8, -83]
[40, 7]
[9, -83]
[39, 7]
[8, -83]
[40, 7]
[7, -83]
[40, 6]
[6, -83]
[41, 6]
[6, -84]
[41, 5]
[5, -84]
[40, 5]
[5, -83]
[40, 4]
[5, -84]
[40, 3]
[5, -85]
[41, 3]
[4, -85]
[40, 3]
[3, -85]
[40, 2]
[4, -85]
[40, 1]
[5, -85]
[40, 0]
[5, -84]
[41, 0]
[5, -85]
[41, 1]
[4, -85]
[42, 1]
[4, -86]
[42, 2]
[5, -86]
[42, 3]
[4, -86]
[42, 2]
[3, -86]
[42, 1]
[3, -87]
[42, 0]
[3, -86]
[43, 0]
[3, -85]
[42, 0]
[4, -85]
[42, 1]
[5, -85]
[42, 2]
[5, -84]
[42, 1]
[4, -84]
[43, 1]
[5, -84]
[42, 1]
[4, -84]
[41, 1]
[5, -84]
[40, 1]
[5, -85]
[39, 1]
[5, -84]
[39, 2]
[6, -84]
[39, 3]
[6, -85]
[38, 3]
[6, -86]
[39, 3]
[6, -85]
[39, 4]
[6, -86]
[39, 5]
[6, -87]
[38, 5]
[5, -87]
[37, 5]
[5, -86]
[37, 4]
[5, -85]
[36, 4]
[6, -85]
[36, 5]
[5, -85]
[37, 5]
[5, -86]
[38, 5]
[5, -85]
[38, 6]
[6, -85]
[38, 5]
[5, -85]
[38, 4]
[4, -85]
[38, 3]
[5, -85]
[38, 2]
[6, -85]
[38, 3]
[6, -84]
[37, 3]
[5, -84]
[36, 3]
[6, -84]
[35, 3]
[5, -84]
[35, 4]
[6, -84]
[35, 3]
[5, -84]
[35, 2]
[4, -84]
[35, 3]
[4, -85]
[35, 2]
[4, -84]
[35, 1]
[5, -84]
[34, 1]
[5, -83]
[34, 2]
[4, -83]
[33, 2]
[4, -84]
[33, 1]
[5, -84]
[33, 2]
[4, -84]
[32, 2]
[4, -85]
[33, 2]
[3, -85]
[34, 2]
[3, -84]
[35, 2]
[4, -84]
[36, 2]
[5, -84]
[37, 2]
[4, -84]
[37, 1]
[4, -83]
[37, 0]
[3, -83]
[36, 0]
[2, -83]
[36, 1]
[3, -83]
[36, 2]
[3, -84]
[36, 3]
[3, -85]
[35, 3]
[2, -85]
[35, 2]
[1, -85]
[36, 2]
[1, -86]
[36, 1]
[1, -87]
[35, 1]
[0, -87]
[36, 1]
[0, -88]
[37, 1]
[0, -89]
[38, 1]
[1, -89]
[38, 2]
[1, -90]
[38, 3]
[1, -91]
[38, 4]
[2, -91]
[39, 4]
[1, -91]
[38, 4]
[0, -91]
[37, 4]
[1, -91]
[37, 3]
[1, -90]
[36, 3]
[1, -91]
[35, 3]
[2, -91]
[34, 3]
[1, -91]
[35, 3]
[2, -91]
[36, 3]
[2, -90]
[37, 3]
[3, -90]
[37, 4]
[4, -90]
[38, 4]
[3, -90]
[37, 4]
[3, -91]
